1 0.214966 0.410156 0.088135 0.188151
7 0.326416 0.264811 0.115723 0.151367
2 0.468872 0.256673 0.114014 0.12207
1 0.578247 0.315755 0.095459 0.136068
6 0.666992 0.349447 0.067871 0.164388
3 0.760986 0.257812 0.109375 0.147786
5 0.750488 0.379232 0.099609 0.147786
3 0.851685 0.403158 0.110107 0.135091
4 0.81311 0.521484 0.102783 0.128255
7 0.766357 0.621257 0.079102 0.174154
8 0.725586 0.729818 0.108398 0.126302
0 0.713501 0.852865 0.085693 0.162109
5 0.619019 0.677246 0.111572 0.159831
8 0.682861 0.590332 0.096191 0.140299
0 0.716675 0.48877 0.101807 0.130534
3 0.601929 0.521484 0.082275 0.165365
5 0.526611 0.489909 0.096191 0.165365
1 0.478638 0.399414 0.094482 0.157552
2 0.362671 0.386393 0.134521 0.136068
2 0.38501 0.500326 0.128906 0.11849
8 0.439209 0.603353 0.111816 0.14681
0 0.521729 0.684733 0.091309 0.157878
4 0.513672 0.804199 0.115723 0.15332
4 0.394775 0.734212 0.128906 0.130534
6 0.317993 0.617025 0.100342 0.163086
7 0.158447 0.605469 0.132812 0.16862
6 0.622314 0.81543 0.102051 0.132812
