4 0.289429 0.269694 0.129639 0.208659
1 0.416748 0.204102 0.159668 0.16862
5 0.561157 0.250651 0.129639 0.214193
4 0.687012 0.324544 0.143555 0.201172
2 0.854614 0.21224 0.179443 0.191406
7 0.855835 0.385905 0.158936 0.137044
6 0.86731 0.560547 0.124756 0.186849
3 0.759033 0.49056 0.12793 0.183594
2 0.741943 0.651042 0.142578 0.136068
3 0.796021 0.779134 0.156494 0.138346
0 0.645508 0.540527 0.143555 0.179362
3 0.533203 0.433594 0.158203 0.139323
5 0.413208 0.46875 0.119873 0.203125
7 0.29187 0.49707 0.1604 0.155599
4 0.150635 0.592936 0.177734 0.163086
0 0.461182 0.666341 0.157227 0.196615
6 0.407471 0.868164 0.165527 0.214193
7 0.525391 0.781413 0.141113 0.198893
6 0.628784 0.723307 0.14917 0.186849
0 0.706909 0.891439 0.1604 0.189128
