9 0.390788 0.19104 0.147461 0.087158
9 0.537923 0.204346 0.144857 0.086426
9 0.683105 0.219238 0.157227 0.088379
10 0.377279 0.274414 0.143229 0.071289
10 0.520345 0.279175 0.154622 0.080811
10 0.661133 0.296143 0.169922 0.081055
11 0.363118 0.347656 0.154622 0.092773
11 0.502604 0.362061 0.164714 0.089355
11 0.654785 0.370483 0.154622 0.0896
12 0.354818 0.424561 0.151693 0.081055
12 0.495443 0.437378 0.144531 0.07251
12 0.641276 0.453857 0.144531 0.082031
13 0.334798 0.5 0.154622 0.087402
13 0.482096 0.513794 0.140625 0.074463
13 0.626465 0.525513 0.157227 0.085205
14 0.320801 0.574829 0.146159 0.077881
14 0.468587 0.588623 0.130534 0.077637
14 0.618652 0.602905 0.167643 0.080811
15 0.31722 0.654419 0.164388 0.075439
15 0.464355 0.662354 0.141602 0.078613
15 0.598796 0.675171 0.15332 0.085205
16 0.307292 0.733398 0.150391 0.07666
16 0.454427 0.734497 0.150391 0.07251
16 0.605143 0.745239 0.151693 0.078857
17 0.288086 0.809448 0.157552 0.084229
17 0.448893 0.811035 0.141927 0.087402
17 0.588867 0.820557 0.141927 0.087402
