6 0.502197 0.173177 0.125488 0.173828
3 0.614502 0.167643 0.119141 0.178385
3 0.740234 0.254557 0.137695 0.139323
4 0.756104 0.389648 0.128906 0.11849
7 0.728516 0.530111 0.089844 0.161133
5 0.602417 0.32015 0.127197 0.122721
0 0.628418 0.439616 0.125488 0.127279
8 0.627197 0.554525 0.116699 0.127279
8 0.688965 0.670573 0.118164 0.123047
8 0.531128 0.49707 0.092041 0.170573
5 0.563354 0.66748 0.122314 0.133789
0 0.666626 0.810059 0.088135 0.158529
3 0.448608 0.370605 0.136963 0.165039
1 0.412354 0.51709 0.121582 0.158529
2 0.324097 0.380371 0.107666 0.210612
6 0.356934 0.65153 0.103516 0.195638
0 0.451782 0.679362 0.0896 0.177083
6 0.560913 0.791016 0.127197 0.129557
4 0.436401 0.878906 0.093018 0.183594
4 0.32605 0.845866 0.11499 0.182617
7 0.251953 0.655436 0.106934 0.187826
