7 0.178345 0.287598 0.118896 0.170898
2 0.388672 0.224121 0.132812 0.156576
4 0.50354 0.364095 0.124756 0.145508
2 0.297974 0.406413 0.136963 0.119466
1 0.418823 0.439453 0.11499 0.157552
8 0.357788 0.544759 0.126221 0.159831
7 0.484253 0.575684 0.117432 0.128581
0 0.572266 0.452474 0.096191 0.129557
6 0.654907 0.546387 0.100342 0.135091
4 0.765503 0.469889 0.090576 0.179362
8 0.570679 0.646159 0.112549 0.152344
5 0.718628 0.665202 0.117432 0.148763
3 0.817993 0.689128 0.096436 0.16862
6 0.862305 0.534505 0.111816 0.145833
0 0.928711 0.645671 0.094727 0.14681
4 0.718262 0.813965 0.103516 0.166341
0 0.62793 0.771484 0.087402 0.170573
2 0.49292 0.744954 0.123047 0.171549
8 0.510742 0.905436 0.116699 0.150065
5 0.393188 0.840983 0.118896 0.114258
1 0.37085 0.703776 0.132812 0.128255
7 0.252441 0.697754 0.094727 0.185872
