3 0.245483 0.203451 0.14917 0.134766
1 0.34436 0.302246 0.133545 0.124023
1 0.493652 0.194336 0.131348 0.129557
2 0.662231 0.090658 0.110107 0.163086
7 0.701538 0.212728 0.102783 0.159831
6 0.808594 0.2111 0.116699 0.150065
2 0.756592 0.325033 0.087402 0.171549
3 0.808594 0.525716 0.123047 0.139323
3 0.715088 0.44873 0.123047 0.109049
2 0.64624 0.355957 0.130371 0.118815
8 0.624756 0.485189 0.106934 0.140299
0 0.654419 0.602702 0.115967 0.111003
6 0.675171 0.706868 0.119873 0.111003
0 0.77771 0.690755 0.11499 0.126302
5 0.459961 0.327799 0.11084 0.144531
8 0.537231 0.402018 0.112549 0.141276
8 0.528687 0.527832 0.131104 0.117513
5 0.536011 0.638672 0.126221 0.108724
0 0.51001 0.738932 0.131348 0.116536
7 0.511963 0.852376 0.133789 0.111003
6 0.530029 0.947591 0.133789 0.104167
4 0.407471 0.541504 0.126465 0.133789
5 0.365112 0.412272 0.133057 0.140299
7 0.279663 0.536133 0.135986 0.125
4 0.184082 0.650065 0.124023 0.183594
4 0.252441 0.397786 0.11084 0.160807
1 0.601074 0.221354 0.092285 0.16862
