6 0.300415 0.327637 0.109131 0.179362
4 0.415649 0.344076 0.110107 0.138021
2 0.495239 0.4764 0.095459 0.142253
3 0.603638 0.468262 0.100342 0.124023
1 0.626343 0.166016 0.098877 0.149089
8 0.717529 0.174316 0.098633 0.163086
3 0.717041 0.396647 0.128906 0.11556
4 0.855469 0.339681 0.130371 0.105794
2 0.68457 0.562174 0.089844 0.138021
2 0.726929 0.659831 0.058838 0.138021
0 0.796753 0.709635 0.078369 0.151042
4 0.602661 0.755859 0.11499 0.115234
5 0.581543 0.619629 0.088867 0.14681
1 0.498169 0.623861 0.099365 0.140299
7 0.425781 0.696126 0.114258 0.150065
0 0.376465 0.808919 0.106934 0.167318
5 0.273926 0.797526 0.102051 0.183594
7 0.372437 0.523112 0.128174 0.123047
