8 0.476562 0.153483 0.116699 0.182617
0 0.58728 0.102051 0.116455 0.200846
8 0.588989 0.283854 0.134521 0.171875
5 0.553589 0.411296 0.146729 0.185872
3 0.37854 0.187174 0.118896 0.191406
1 0.404907 0.373861 0.14917 0.143555
2 0.280151 0.265299 0.122314 0.186849
5 0.675537 0.488932 0.124023 0.193359
7 0.876587 0.628255 0.141846 0.203125
0 0.756958 0.798665 0.141846 0.192383
4 0.606812 0.694987 0.142822 0.210938
6 0.642578 0.88265 0.155762 0.150065
4 0.507935 0.890462 0.0979 0.202148
4 0.38916 0.825684 0.133789 0.218424
8 0.458252 0.641927 0.148438 0.191406
0 0.394409 0.531738 0.157471 0.166341
6 0.260132 0.598958 0.128174 0.196615
7 0.148193 0.624512 0.11084 0.200195
