29 0.358887 0.215576 0.168945 0.100098
29 0.525228 0.216553 0.172852 0.119141
29 0.700684 0.223999 0.172852 0.129639
29 0.86849 0.246338 0.214193 0.119141
30 0.359701 0.311035 0.184245 0.102051
30 0.51888 0.321655 0.174479 0.085205
30 0.685872 0.332275 0.191406 0.102051
30 0.851562 0.351318 0.19987 0.106445
28 0.341146 0.396973 0.192708 0.09375
28 0.505534 0.403931 0.175781 0.096924
28 0.670247 0.415649 0.19987 0.098877
28 0.827474 0.432007 0.191406 0.099854
27 0.325033 0.483521 0.185872 0.096924
27 0.492676 0.493652 0.164388 0.09375
27 0.657715 0.505859 0.163086 0.090332
27 0.826009 0.52124 0.163086 0.09375
32 0.322754 0.570557 0.178711 0.099121
32 0.496257 0.588135 0.163086 0.09375
32 0.658366 0.588623 0.164388 0.099121
32 0.82666 0.610474 0.181315 0.0979
34 0.336426 0.661865 0.163086 0.083984
34 0.49707 0.672974 0.150391 0.087158
34 0.658366 0.679932 0.170247 0.094727
34 0.82959 0.702637 0.181315 0.089355
31 0.327799 0.750488 0.174479 0.089355
31 0.492676 0.769043 0.170247 0.099121
31 0.644043 0.780273 0.155924 0.09375
31 0.823079 0.798218 0.180013 0.108643
