6 0.171021 0.507812 0.155029 0.216146
7 0.307739 0.577799 0.146729 0.193359
4 0.393188 0.424805 0.141846 0.19987
0 0.221069 0.746094 0.158936 0.158854
7 0.349731 0.762207 0.119873 0.202148
2 0.45874 0.654297 0.113281 0.222656
6 0.576294 0.654297 0.115967 0.220703
3 0.518066 0.865397 0.142578 0.204102
0 0.666992 0.78776 0.137695 0.207682
3 0.705688 0.581706 0.136963 0.201172
4 0.508667 0.459147 0.13208 0.192383
2 0.632446 0.440104 0.161377 0.173828
6 0.779785 0.363607 0.154785 0.207682
5 0.551514 0.270182 0.175293 0.142578
1 0.645874 0.151367 0.157471 0.223958
