1 0.365112 0.119303 0.124756 0.179362
3 0.487915 0.191569 0.110107 0.135091
8 0.608887 0.236165 0.115723 0.117513
2 0.665405 0.386882 0.077393 0.141602
4 0.713867 0.467611 0.081543 0.14681
6 0.778076 0.539876 0.096191 0.128581
0 0.853394 0.650553 0.095459 0.124023
3 0.745483 0.679199 0.088135 0.15332
8 0.618652 0.526204 0.089844 0.14681
5 0.667847 0.641439 0.084229 0.15332
4 0.664185 0.782389 0.094482 0.138346
0 0.583618 0.768392 0.079834 0.15332
25 0.577515 0.333659 0.108643 0.126302
3 0.550659 0.447591 0.079346 0.147786
0 0.479858 0.558919 0.123291 0.105469
5 0.483154 0.327148 0.079102 0.160807
6 0.386353 0.298991 0.100342 0.165039
4 0.446045 0.449219 0.119141 0.11849
2 0.282104 0.376465 0.133057 0.15332
7 0.268188 0.494954 0.134521 0.15332
1 0.363892 0.608236 0.12085 0.117513
6 0.490479 0.670573 0.111816 0.110026
1 0.382202 0.720052 0.124756 0.113281
2 0.498535 0.770508 0.103516 0.103516
8 0.467651 0.888184 0.089111 0.148112
5 0.364258 0.831217 0.121582 0.112305
7 0.254395 0.697266 0.111816 0.165365
