8 0.436686 0.177368 0.188477 0.110596
8 0.609375 0.154419 0.182943 0.105225
8 0.790527 0.160889 0.194336 0.101074
7 0.426921 0.276978 0.185872 0.091553
7 0.603678 0.247925 0.188477 0.092529
7 0.779297 0.254761 0.182943 0.0979
6 0.42334 0.363525 0.18457 0.094727
6 0.602376 0.338013 0.174154 0.092529
6 0.774902 0.348267 0.171549 0.0979
5 0.417643 0.449585 0.184245 0.096924
5 0.593913 0.428833 0.160482 0.085205
5 0.766602 0.437866 0.177083 0.086182
4 0.407064 0.54187 0.194336 0.092529
4 0.598958 0.515991 0.167318 0.104248
4 0.771484 0.522827 0.175781 0.103271
3 0.397786 0.625732 0.192708 0.090332
3 0.575521 0.602417 0.160156 0.090576
3 0.738932 0.609863 0.161458 0.092773
2 0.405599 0.713257 0.16862 0.085205
2 0.574056 0.686279 0.171549 0.099121
2 0.741048 0.700073 0.177409 0.098877
1 0.401367 0.798218 0.182943 0.093506
1 0.565592 0.778564 0.157227 0.088379
1 0.732585 0.785522 0.160482 0.091553
0 0.415527 0.882568 0.174154 0.088379
0 0.581868 0.883179 0.164388 0.0979
0 0.741048 0.875122 0.154622 0.109619
