4 0.264526 0.293457 0.141846 0.189128
5 0.422852 0.302734 0.147461 0.157552
0 0.557983 0.339681 0.131104 0.164388
3 0.664673 0.364095 0.105225 0.200195
7 0.77771 0.386882 0.135986 0.161133
2 0.778931 0.231771 0.164795 0.197917
6 0.781372 0.564779 0.112549 0.180339
2 0.664185 0.581706 0.138428 0.201172
3 0.715454 0.727051 0.135498 0.185872
0 0.621094 0.828451 0.149902 0.171875
6 0.547485 0.648275 0.154053 0.208659
0 0.406616 0.671224 0.147705 0.193359
7 0.478149 0.770508 0.139404 0.181641
6 0.359741 0.876302 0.16626 0.204427
7 0.27478 0.462402 0.163818 0.133789
4 0.145752 0.576172 0.179199 0.203125
