4 0.174683 0.329427 0.179932 0.165365
8 0.314697 0.338704 0.13623 0.198893
5 0.425293 0.308105 0.13623 0.211914
6 0.51123 0.151367 0.159668 0.167318
2 0.560913 0.308757 0.13208 0.187174
3 0.688599 0.366862 0.128662 0.203125
0 0.804565 0.402018 0.106689 0.186849
7 0.910034 0.525228 0.117432 0.185872
8 0.81311 0.594564 0.125732 0.166341
0 0.797607 0.809408 0.119141 0.192383
6 0.638916 0.854492 0.138672 0.147786
7 0.131958 0.5236 0.150146 0.213216
4 0.460327 0.585449 0.123291 0.232747
4 0.579956 0.65918 0.105225 0.191406
2 0.581543 0.470378 0.145996 0.165365
8 0.695068 0.545247 0.130371 0.167318
5 0.712524 0.690755 0.134521 0.178385
