1 0.331665 0.156901 0.119873 0.160807
6 0.369995 0.300618 0.133057 0.131836
2 0.471313 0.20459 0.118896 0.165039
8 0.586914 0.316895 0.114258 0.151367
0 0.511597 0.400391 0.105225 0.155599
4 0.891235 0.423828 0.13208 0.119792
0 0.795166 0.785645 0.124023 0.166341
7 0.692993 0.430339 0.119873 0.139323
6 0.631958 0.520833 0.119873 0.155599
5 0.584839 0.601237 0.113525 0.157552
4 0.526611 0.721191 0.11084 0.156576
0 0.432617 0.790039 0.087402 0.151042
5 0.324463 0.805664 0.123047 0.121745
7 0.356567 0.661947 0.088135 0.161784
7 0.337769 0.517578 0.13208 0.13151
6 0.462402 0.581543 0.11084 0.159831
