1 0.268311 0.234375 0.142578 0.177083
6 0.379761 0.390137 0.133057 0.163086
1 0.496948 0.469889 0.106689 0.168294
2 0.58606 0.424805 0.130615 0.139323
1 0.604858 0.297363 0.112549 0.148763
8 0.695557 0.255697 0.118164 0.156576
3 0.729248 0.437337 0.104492 0.151367
4 0.899414 0.381999 0.130371 0.122721
0 0.814331 0.766764 0.126221 0.163086
2 0.699951 0.574544 0.130371 0.115234
4 0.532349 0.67334 0.109131 0.174154
0 0.436401 0.746094 0.0979 0.180339
7 0.346802 0.684245 0.088135 0.165365
5 0.30481 0.810059 0.134521 0.145508
7 0.322754 0.521973 0.13623 0.148763
