18 0.38444 0.209106 0.145833 0.087158
18 0.528646 0.219238 0.134766 0.075684
18 0.656901 0.229858 0.152995 0.077881
19 0.364583 0.295654 0.134766 0.069336
19 0.49821 0.295654 0.130534 0.086426
19 0.628581 0.305176 0.147786 0.075684
20 0.347005 0.36145 0.141927 0.071533
20 0.482096 0.373169 0.140625 0.069092
20 0.622884 0.379028 0.15332 0.07251
21 0.337728 0.43689 0.148763 0.073486
21 0.480632 0.437866 0.140299 0.073486
21 0.619466 0.445312 0.151693 0.075684
22 0.33138 0.503174 0.150391 0.074707
22 0.484212 0.509521 0.130534 0.068359
22 0.616536 0.515381 0.126302 0.069336
23 0.332845 0.574829 0.161784 0.079834
23 0.478516 0.573242 0.133464 0.078613
23 0.61377 0.578491 0.146159 0.07251
24 0.347656 0.643311 0.151693 0.070312
24 0.484212 0.651245 0.133138 0.073486
24 0.616536 0.64856 0.154297 0.074463
25 0.348307 0.713257 0.141927 0.068115
25 0.482096 0.71875 0.134766 0.070312
25 0.617188 0.716553 0.150391 0.070312
26 0.346191 0.780151 0.143555 0.07251
26 0.480632 0.787109 0.129232 0.075684
26 0.607422 0.783325 0.136068 0.07251
