2 0.254395 0.381999 0.142578 0.14681
6 0.376099 0.308268 0.106201 0.164062
0 0.53479 0.284342 0.091553 0.164388
8 0.622314 0.335775 0.083984 0.150065
6 0.702515 0.416178 0.102783 0.137044
0 0.829468 0.642904 0.107666 0.160807
4 0.639771 0.727539 0.096436 0.158854
3 0.710083 0.566406 0.100342 0.138021
5 0.61499 0.496582 0.108398 0.150065
6 0.507935 0.475911 0.109131 0.152344
2 0.474609 0.594076 0.114258 0.139323
0 0.548218 0.745605 0.079346 0.14681
8 0.456177 0.791178 0.105225 0.140299
1 0.399658 0.670085 0.11084 0.128581
1 0.362183 0.53776 0.0979 0.160807
7 0.286987 0.674967 0.105225 0.15332
5 0.36145 0.798665 0.118896 0.114258
7 0.243408 0.502441 0.130371 0.144857
