26 0.150228 0.116699 0.161784 0.119141
20 0.323568 0.103027 0.126302 0.114746
20 0.514648 0.400635 0.160156 0.094727
19 0.75179 0.223999 0.155924 0.112549
24 0.869141 0.282837 0.161458 0.092529
21 0.719076 0.360962 0.152995 0.121338
23 0.796224 0.444702 0.160156 0.127686
26 0.654134 0.46228 0.178711 0.105225
18 0.402832 0.452271 0.182617 0.11499
21 0.276204 0.530273 0.164388 0.111816
20 0.379557 0.574219 0.158854 0.112793
24 0.23291 0.646973 0.188477 0.105469
25 0.29248 0.740356 0.163086 0.092529
22 0.433105 0.828491 0.195638 0.133057
19 0.431803 0.661743 0.178711 0.115967
18 0.535807 0.516968 0.16862 0.099854
26 0.581217 0.611328 0.171549 0.125488
23 0.696452 0.57959 0.155924 0.125488
