22 0.242188 0.265381 0.169922 0.112793
24 0.189128 0.348633 0.174479 0.124512
18 0.319987 0.420898 0.164714 0.126465
21 0.402832 0.278687 0.157227 0.115967
20 0.551432 0.321045 0.166016 0.107422
25 0.42627 0.368408 0.147461 0.108398
26 0.547201 0.418701 0.140625 0.107422
22 0.709147 0.427246 0.172852 0.107422
23 0.81901 0.383179 0.16862 0.110596
20 0.832357 0.27124 0.186849 0.118164
19 0.15446 0.541992 0.155924 0.11377
26 0.295247 0.52063 0.16862 0.096924
25 0.460775 0.497925 0.148763 0.121338
21 0.440267 0.607178 0.178711 0.108398
19 0.632161 0.515381 0.166016 0.088379
18 0.758138 0.647583 0.166016 0.127686
22 0.697266 0.779175 0.16862 0.135986
25 0.852865 0.485718 0.174479 0.098877
