26 0.090007 0.085449 0.16569 0.132812
20 0.24707 0.066895 0.126302 0.119141
18 0.407064 0.29248 0.148763 0.111816
20 0.54362 0.327515 0.127604 0.126709
19 0.687988 0.179443 0.15332 0.119141
21 0.751628 0.266968 0.133464 0.114014
24 0.87972 0.213867 0.154622 0.126465
22 0.321289 0.386353 0.167318 0.123291
21 0.442383 0.391724 0.151693 0.123291
25 0.237956 0.517456 0.15625 0.122314
25 0.359701 0.514282 0.150391 0.126709
24 0.480632 0.512207 0.152018 0.120117
20 0.57194 0.440552 0.152995 0.108643
18 0.710612 0.40918 0.169922 0.11377
26 0.811035 0.354614 0.161784 0.104248
23 0.930827 0.385376 0.137695 0.125732
23 0.659831 0.557251 0.175781 0.121338
26 0.562663 0.60498 0.171549 0.131836
19 0.452962 0.668213 0.204102 0.130859
25 0.282552 0.742065 0.191406 0.146729
22 0.42334 0.818848 0.189779 0.143555
