20 0.550618 0.126343 0.221029 0.157471
20 0.877604 0.265869 0.223958 0.149902
22 0.69515 0.266968 0.204102 0.1521
19 0.604492 0.378418 0.215495 0.158203
22 0.824544 0.434692 0.25651 0.145752
24 0.35612 0.276489 0.259115 0.154053
19 0.326497 0.401855 0.25651 0.168945
21 0.145182 0.487793 0.214193 0.186035
25 0.281087 0.659302 0.202799 0.153076
22 0.325033 0.806152 0.245117 0.130859
25 0.463704 0.592285 0.239258 0.172363
21 0.576172 0.731445 0.221354 0.161621
21 0.54362 0.498901 0.223958 0.153076
18 0.722656 0.57312 0.174479 0.182861
26 0.891927 0.665771 0.215495 0.17041
