18 0.074219 0.40804 0.086426 0.151367
21 0.153076 0.472005 0.091309 0.151042
24 0.178345 0.653809 0.107666 0.152018
25 0.311768 0.783366 0.104492 0.172852
23 0.414429 0.807454 0.093018 0.166341
25 0.560913 0.894043 0.146729 0.133789
19 0.596191 0.788411 0.126465 0.126302
19 0.568237 0.668945 0.141846 0.132812
23 0.454224 0.663086 0.106201 0.16862
18 0.495728 0.480143 0.101318 0.165365
24 0.369629 0.433431 0.119141 0.156576
25 0.244995 0.445475 0.127197 0.132487
19 0.264282 0.595215 0.11499 0.163086
22 0.704834 0.637533 0.128906 0.174154
21 0.446411 0.186686 0.105225 0.164388
23 0.547729 0.246908 0.093018 0.171549
26 0.604858 0.420573 0.13208 0.160807
20 0.660522 0.323405 0.124756 0.166341
21 0.829834 0.438965 0.141113 0.141602
26 0.684937 0.090169 0.154053 0.17513
