18 0.295898 0.142741 0.126465 0.117513
26 0.297974 0.258301 0.13208 0.135742
24 0.42981 0.313639 0.13208 0.120768
18 0.53479 0.098796 0.096436 0.172852
21 0.630737 0.085286 0.088135 0.167318
22 0.584106 0.31429 0.11499 0.163086
21 0.68457 0.395996 0.125488 0.192383
25 0.243042 0.439453 0.133057 0.16862
24 0.141724 0.516602 0.130615 0.149089
25 0.184448 0.678223 0.126221 0.131836
20 0.285767 0.823568 0.13208 0.149089
24 0.289795 0.575684 0.133789 0.143555
20 0.387085 0.657552 0.119873 0.17513
26 0.473267 0.565918 0.139404 0.165039
25 0.581177 0.505697 0.133545 0.164388
23 0.462402 0.421061 0.130371 0.129232
