18 0.228841 0.256836 0.23112 0.150879
20 0.156576 0.425659 0.19401 0.180908
22 0.17985 0.604004 0.243815 0.150879
25 0.308757 0.386475 0.204102 0.155273
21 0.463053 0.507935 0.235352 0.139404
18 0.407878 0.651733 0.158854 0.172119
25 0.366699 0.815674 0.195638 0.186035
26 0.564779 0.812134 0.215495 0.195557
24 0.508301 0.370483 0.260742 0.129639
21 0.707845 0.46228 0.246419 0.130615
22 0.842936 0.575928 0.22819 0.160645
19 0.806152 0.271729 0.222331 0.127441
20 0.588379 0.220215 0.22819 0.130859
23 0.414876 0.224487 0.204102 0.166748
