17 0.387207 0.249512 0.171549 0.087402
17 0.527995 0.269653 0.133464 0.121338
12 0.65332 0.246216 0.16862 0.0979
11 0.693034 0.339722 0.182943 0.093506
13 0.7736 0.424683 0.16569 0.091553
14 0.76237 0.518433 0.140625 0.122314
9 0.751628 0.641724 0.167318 0.115967
15 0.651204 0.562012 0.158529 0.124512
11 0.591146 0.403442 0.151693 0.110596
14 0.436198 0.354614 0.175781 0.104248
13 0.294596 0.34021 0.136068 0.114014
10 0.363118 0.484009 0.131836 0.116943
16 0.492025 0.477661 0.148763 0.087158
12 0.540039 0.615112 0.126302 0.122314
17 0.537923 0.74353 0.161784 0.133057
13 0.395671 0.588623 0.180013 0.105469
10 0.388021 0.692139 0.136068 0.123535
9 0.359049 0.836914 0.151693 0.137207
