18 0.170532 0.384603 0.105225 0.163086
21 0.2854 0.385254 0.092285 0.164388
19 0.337036 0.539876 0.12085 0.148112
24 0.240967 0.620768 0.119141 0.142578
25 0.377319 0.715007 0.108643 0.159831
25 0.387573 0.346191 0.127197 0.120768
23 0.49646 0.526855 0.122314 0.11556
24 0.494507 0.394368 0.096924 0.156576
26 0.496094 0.23763 0.097168 0.162109
21 0.584106 0.186686 0.090576 0.172852
23 0.58728 0.422038 0.101807 0.15332
19 0.690552 0.446126 0.129639 0.114258
19 0.706055 0.315755 0.141113 0.142578
25 0.693115 0.609375 0.141113 0.152344
