8 0.107056 0.573568 0.139404 0.184896
8 0.225464 0.710775 0.171143 0.142253
5 0.211304 0.460612 0.154053 0.147786
2 0.30249 0.336914 0.126465 0.184896
7 0.407837 0.306152 0.115967 0.185872
3 0.415161 0.488281 0.125732 0.190104
2 0.492432 0.645182 0.14502 0.165365
0 0.477783 0.793294 0.140137 0.183594
3 0.595093 0.85612 0.117432 0.181641
1 0.508789 0.294108 0.128906 0.181315
3 0.542114 0.443848 0.140381 0.129232
0 0.619019 0.543783 0.121338 0.15332
4 0.654419 0.66569 0.122314 0.152344
2 0.719482 0.782878 0.135254 0.119792
5 0.826904 0.773763 0.104492 0.190104
4 0.797241 0.614258 0.134521 0.177083
0 0.741821 0.471029 0.134521 0.181641
1 0.843994 0.389648 0.128906 0.177083
7 0.724365 0.166178 0.124023 0.192383
7 0.694092 0.929688 0.149414 0.139974
