5 0.368286 0.25765 0.154053 0.163086
3 0.496948 0.175293 0.121338 0.210612
4 0.404175 0.500326 0.150635 0.207682
4 0.520874 0.390625 0.151611 0.188151
2 0.636475 0.322266 0.148438 0.177083
6 0.648315 0.146484 0.11499 0.201172
7 0.82605 0.297852 0.122314 0.193359
2 0.569702 0.558919 0.151611 0.170573
0 0.489624 0.671712 0.147705 0.170898
3 0.455444 0.814941 0.124756 0.200846
7 0.617432 0.75472 0.145996 0.197591
7 0.71582 0.659831 0.131348 0.209635
2 0.824463 0.764486 0.143555 0.17806
0 0.692749 0.896322 0.151611 0.181315
