20 0.394206 0.251099 0.182943 0.122314
26 0.39502 0.345459 0.176107 0.107422
21 0.263346 0.314209 0.141927 0.117188
25 0.142415 0.421387 0.148763 0.138184
24 0.557129 0.358765 0.163086 0.0979
23 0.694336 0.349731 0.128906 0.122314
25 0.285319 0.437378 0.129232 0.121338
25 0.388672 0.471802 0.115234 0.139404
19 0.509766 0.464355 0.127604 0.130859
24 0.621582 0.47876 0.113607 0.131836
26 0.511068 0.566895 0.175781 0.100098
20 0.739095 0.458618 0.130534 0.127686
23 0.763021 0.578613 0.186849 0.131836
22 0.281901 0.634766 0.175781 0.129883
