10 0.239421 0.209717 0.144857 0.126465
9 0.400716 0.16394 0.144531 0.147705
14 0.489095 0.297241 0.171549 0.087158
12 0.644206 0.194336 0.190104 0.095703
11 0.729655 0.294067 0.180013 0.140381
11 0.61377 0.342773 0.120768 0.125488
15 0.520345 0.429443 0.146159 0.143555
17 0.382975 0.426147 0.188477 0.092529
17 0.30306 0.682983 0.226562 0.128662
15 0.414062 0.53125 0.177083 0.101074
10 0.493327 0.652344 0.185872 0.124512
9 0.641276 0.747803 0.164714 0.145508
9 0.747396 0.502075 0.190104 0.099854
