20 0.435384 0.104126 0.16569 0.091553
21 0.380859 0.199585 0.167318 0.112549
18 0.313639 0.28772 0.131836 0.123291
22 0.451009 0.290283 0.129232 0.118164
25 0.503255 0.191162 0.134766 0.119141
26 0.615885 0.205444 0.144531 0.133057
20 0.351725 0.408081 0.171549 0.115967
23 0.499674 0.40332 0.136068 0.125488
22 0.230143 0.499878 0.160156 0.134033
26 0.332845 0.542969 0.155924 0.137207
19 0.47347 0.517456 0.154622 0.126709
21 0.45166 0.616699 0.176107 0.114746
18 0.397135 0.703247 0.214193 0.109619
22 0.309408 0.821045 0.205404 0.126465
25 0.50472 0.813599 0.200195 0.13501
18 0.589681 0.484009 0.112305 0.121338
19 0.691406 0.567383 0.134766 0.120117
23 0.763021 0.661377 0.192708 0.095703
24 0.724121 0.436279 0.185872 0.104492
24 0.79069 0.527588 0.143229 0.119141
20 0.892415 0.521729 0.123372 0.128906
23 0.826823 0.387451 0.141927 0.121094
