20 0.56901 0.103027 0.158854 0.100098
21 0.425456 0.119385 0.117839 0.088379
25 0.542806 0.173096 0.106445 0.09375
23 0.583333 0.261597 0.133464 0.086182
26 0.681641 0.245728 0.126302 0.109619
22 0.431152 0.216675 0.112305 0.0979
20 0.472819 0.297241 0.161784 0.091553
18 0.289551 0.304688 0.157227 0.095703
24 0.315104 0.412354 0.132161 0.111816
26 0.329915 0.517456 0.155924 0.105225
21 0.427572 0.421387 0.130534 0.112793
23 0.528809 0.449585 0.120768 0.128662
24 0.614258 0.385376 0.158854 0.104248
24 0.679525 0.341309 0.138997 0.111816
20 0.806152 0.36731 0.168945 0.110596
23 0.809733 0.459595 0.147461 0.087158
19 0.664714 0.4729 0.157552 0.105469
18 0.562012 0.544556 0.164388 0.091553
19 0.422526 0.590698 0.151693 0.11792
25 0.637695 0.61731 0.140625 0.111572
22 0.717773 0.549805 0.152995 0.100098
25 0.857747 0.537598 0.150391 0.094727
26 0.413411 0.711304 0.169922 0.091553
19 0.57194 0.723389 0.150391 0.13916
18 0.733236 0.692627 0.161784 0.115723
22 0.734049 0.805176 0.174479 0.126465
21 0.443197 0.826904 0.164388 0.138184
