8 0.474609 0.287598 0.089844 0.109701
6 0.544556 0.343424 0.060303 0.119792
5 0.623413 0.117839 0.083252 0.128255
5 0.618652 0.30485 0.096191 0.101237
8 0.621826 0.403809 0.084961 0.101237
6 0.578003 0.545247 0.073486 0.119792
5 0.662598 0.552897 0.070312 0.11556
6 0.720703 0.524089 0.08252 0.111979
4 0.722412 0.39502 0.09375 0.107747
3 0.740723 0.312012 0.089844 0.119466
7 0.763062 0.640299 0.087158 0.085938
2 0.681641 0.674479 0.069336 0.113281
1 0.617432 0.669108 0.092285 0.117513
1 0.536865 0.667318 0.098633 0.105469
1 0.512451 0.778483 0.062988 0.117513
3 0.575806 0.777995 0.066162 0.092448
2 0.6073 0.8514 0.088135 0.091471
0 0.440796 0.643555 0.067627 0.129557
