5 0.386719 0.264323 0.158203 0.217448
4 0.397217 0.460612 0.135254 0.197917
0 0.513184 0.59196 0.132812 0.206706
3 0.454712 0.773112 0.110107 0.210938
7 0.6073 0.725423 0.146729 0.189128
0 0.680542 0.87679 0.156494 0.19043
4 0.536377 0.399902 0.143555 0.197591
6 0.648682 0.56543 0.124023 0.196615
7 0.73291 0.63151 0.126465 0.190104
2 0.815186 0.742839 0.145996 0.191406
2 0.752441 0.444987 0.141113 0.183594
1 0.784668 0.290365 0.164551 0.145833
3 0.651978 0.344564 0.159912 0.195638
6 0.626831 0.175781 0.151611 0.203125
