20 0.651204 0.104004 0.144857 0.089355
21 0.506185 0.160278 0.126302 0.099854
25 0.623535 0.177368 0.106445 0.0979
22 0.509766 0.246216 0.136068 0.091553
23 0.653971 0.257935 0.119141 0.091553
26 0.754395 0.246826 0.138997 0.107422
18 0.394368 0.313721 0.148763 0.094727
20 0.54362 0.328613 0.15625 0.082031
24 0.665365 0.352417 0.116536 0.0979
20 0.793457 0.392822 0.157227 0.100098
24 0.448079 0.405518 0.160482 0.106445
21 0.093424 0.454346 0.158854 0.117188
21 0.12321 0.667725 0.161784 0.119141
25 0.285319 0.574829 0.148763 0.114014
23 0.237956 0.446899 0.147786 0.118896
18 0.361816 0.471924 0.154622 0.11377
19 0.52181 0.479248 0.166016 0.105469
22 0.523763 0.57959 0.127604 0.114746
19 0.493327 0.666626 0.188477 0.11499
22 0.697266 0.720825 0.149089 0.121338
18 0.664062 0.616211 0.175781 0.088379
25 0.668132 0.528198 0.155924 0.079834
23 0.668132 0.442627 0.138997 0.106445
