17 0.462402 0.204956 0.163086 0.123291
17 0.61084 0.105591 0.177409 0.115967
17 0.324219 0.261108 0.152995 0.091553
15 0.601562 0.209229 0.119141 0.119141
10 0.700846 0.198486 0.110677 0.114746
9 0.806966 0.252197 0.110677 0.11377
16 0.134603 0.366699 0.164388 0.088379
15 0.186361 0.436768 0.163086 0.075684
16 0.308757 0.347046 0.164388 0.078857
16 0.438151 0.312622 0.132161 0.081787
13 0.582682 0.314697 0.143229 0.077637
14 0.709961 0.308838 0.126302 0.106445
15 0.344889 0.423096 0.163086 0.088379
12 0.491862 0.424561 0.126302 0.114746
11 0.610026 0.389038 0.175781 0.075439
12 0.755208 0.397095 0.157552 0.078857
11 0.906738 0.453125 0.185872 0.089355
14 0.235189 0.519165 0.161784 0.085205
14 0.393717 0.494141 0.161784 0.09668
13 0.470052 0.545654 0.136068 0.09375
13 0.318685 0.585327 0.144531 0.086182
12 0.4764 0.661865 0.168945 0.101074
11 0.625814 0.634277 0.170247 0.094727
9 0.736165 0.57959 0.138997 0.123535
10 0.604492 0.495239 0.139323 0.096924
10 0.748047 0.477783 0.174479 0.07666
9 0.875488 0.545532 0.163086 0.078857
