7 0.263428 0.331055 0.175293 0.222656
0 0.34729 0.199707 0.139404 0.19043
6 0.50354 0.156901 0.154053 0.173828
8 0.640137 0.243652 0.126465 0.208659
5 0.46521 0.326172 0.116455 0.197917
8 0.376831 0.494303 0.141846 0.213216
8 0.468872 0.626139 0.146729 0.211914
0 0.59021 0.57015 0.156494 0.182617
2 0.597412 0.400553 0.15332 0.14681
0 0.736206 0.420085 0.140869 0.14681
4 0.778564 0.59196 0.126465 0.18457
1 0.862305 0.460124 0.121582 0.181315
5 0.608032 0.774251 0.127197 0.202148
2 0.490845 0.824707 0.13208 0.203451
3 0.284546 0.784017 0.167236 0.22819
