8 0.365479 0.374512 0.125488 0.172852
6 0.483154 0.196452 0.12793 0.161784
8 0.595459 0.225749 0.09375 0.170898
5 0.481934 0.372721 0.091309 0.165365
7 0.453369 0.532715 0.128906 0.120768
8 0.299561 0.554036 0.115723 0.171875
0 0.392822 0.738932 0.092285 0.162109
1 0.536743 0.819336 0.105225 0.162109
1 0.556763 0.678711 0.13208 0.119792
1 0.675171 0.67985 0.111572 0.138997
5 0.600708 0.545736 0.128662 0.14681
3 0.587769 0.36084 0.117432 0.130534
4 0.694336 0.439941 0.099609 0.156576
6 0.796753 0.489421 0.112549 0.148763
7 0.895752 0.574056 0.111816 0.138346
2 0.779419 0.646159 0.105225 0.158854
