17 0.422689 0.291382 0.171549 0.130615
12 0.559896 0.262695 0.182943 0.088379
11 0.661947 0.339111 0.146159 0.094727
13 0.726237 0.407593 0.15625 0.129639
14 0.806966 0.503174 0.150391 0.11084
9 0.791341 0.633179 0.181641 0.115967
15 0.699219 0.544556 0.167318 0.127686
16 0.411296 0.432007 0.171549 0.108643
11 0.537272 0.379517 0.174154 0.141357
10 0.251302 0.512207 0.182943 0.130859
13 0.338379 0.582275 0.161784 0.137207
9 0.430501 0.654907 0.164388 0.129639
10 0.493327 0.496826 0.185872 0.095703
12 0.541504 0.564209 0.171549 0.105469
17 0.59668 0.660767 0.166016 0.096924
