17 0.319336 0.343872 0.145833 0.134033
12 0.476562 0.327515 0.191406 0.11792
11 0.569824 0.398071 0.152018 0.118896
11 0.711263 0.34021 0.174479 0.111572
14 0.360352 0.461792 0.19987 0.104248
12 0.284017 0.581177 0.19694 0.13501
16 0.315104 0.711182 0.197266 0.117188
10 0.468587 0.57312 0.172852 0.134033
9 0.533691 0.752686 0.147461 0.138184
17 0.687337 0.719238 0.188477 0.118164
13 0.640462 0.595581 0.171549 0.127686
15 0.644857 0.478271 0.160156 0.11377
13 0.775716 0.410767 0.167318 0.108643
14 0.791992 0.506348 0.174479 0.123535
9 0.809082 0.615723 0.177409 0.102051
