0 0.526245 0.142741 0.139404 0.138997
8 0.878174 0.202962 0.105957 0.187826
7 0.748779 0.525228 0.135254 0.155273
1 0.647461 0.413411 0.098633 0.17513
8 0.541626 0.306641 0.134521 0.154297
1 0.486816 0.403158 0.14502 0.167643
6 0.485596 0.548991 0.113281 0.192383
4 0.363403 0.558919 0.144287 0.188151
2 0.488037 0.698893 0.150879 0.162109
7 0.641479 0.723796 0.127197 0.185872
2 0.734253 0.813965 0.127197 0.172852
0 0.400879 0.7889 0.150879 0.172852
7 0.526611 0.84847 0.135254 0.14681
0 0.619873 0.931315 0.120117 0.136719
3 0.372681 0.919922 0.126709 0.159505
