8 0.187744 0.526367 0.157227 0.194661
8 0.187256 0.699382 0.164551 0.17806
2 0.516846 0.114421 0.148438 0.189128
5 0.443604 0.239421 0.143555 0.202148
3 0.493286 0.426595 0.112549 0.185872
2 0.483032 0.614746 0.14917 0.145508
0 0.469238 0.751953 0.147461 0.142578
3 0.55188 0.831217 0.117432 0.19043
0 0.608887 0.384766 0.143555 0.132812
4 0.609741 0.51709 0.136963 0.137044
4 0.732544 0.49056 0.128662 0.13151
0 0.696289 0.302246 0.126465 0.176107
1 0.793945 0.305501 0.108398 0.182617
2 0.664185 0.644043 0.138428 0.130534
5 0.774048 0.647786 0.107666 0.17513
7 0.650757 0.874186 0.123291 0.189128
