18 0.233276 0.102702 0.10376 0.176107
21 0.326904 0.144368 0.111816 0.172852
18 0.341553 0.30599 0.121582 0.129557
19 0.456177 0.078125 0.129639 0.13151
26 0.531982 0.164388 0.131348 0.167318
22 0.435181 0.242025 0.11499 0.161784
21 0.557617 0.317871 0.133789 0.166341
23 0.675171 0.184408 0.137939 0.15332
26 0.338745 0.428223 0.13208 0.111003
24 0.231689 0.505046 0.108398 0.150065
25 0.329712 0.564779 0.099365 0.152344
25 0.239014 0.661947 0.098633 0.148763
20 0.184937 0.795898 0.117432 0.180339
20 0.345215 0.827474 0.096191 0.152344
24 0.354858 0.69873 0.122314 0.114258
23 0.434692 0.568034 0.13208 0.115234
26 0.476196 0.674479 0.122314 0.119792
25 0.588867 0.578939 0.111816 0.180664
24 0.46936 0.44873 0.124756 0.138997
