22 0.286784 0.084961 0.177083 0.119141
21 0.535156 0.17627 0.150391 0.119141
20 0.697266 0.176758 0.151693 0.099121
24 0.298828 0.283936 0.181641 0.105469
18 0.53304 0.339111 0.157227 0.11377
20 0.687988 0.273315 0.172852 0.11792
19 0.158691 0.525024 0.176107 0.122314
26 0.284017 0.523315 0.163086 0.140381
26 0.374512 0.437988 0.163086 0.101074
23 0.426921 0.510132 0.157227 0.109619
19 0.482747 0.57959 0.164714 0.131836
21 0.546549 0.645996 0.181641 0.124512
22 0.637044 0.738281 0.147786 0.128906
25 0.557943 0.481934 0.158854 0.129883
25 0.650553 0.584351 0.148763 0.124268
22 0.76237 0.641602 0.174479 0.11377
18 0.844401 0.694824 0.13737 0.126465
26 0.677246 0.412964 0.154622 0.108643
25 0.803385 0.487183 0.174479 0.123291
23 0.778646 0.355713 0.158854 0.119141
