17 0.317871 0.219727 0.146159 0.123535
12 0.45459 0.227173 0.147461 0.112549
11 0.637695 0.141235 0.149089 0.129639
13 0.630046 0.255371 0.155924 0.11377
17 0.726888 0.305664 0.151693 0.108398
12 0.685872 0.407104 0.160156 0.109619
17 0.500488 0.335449 0.152018 0.121094
14 0.304525 0.317993 0.178711 0.105225
15 0.375163 0.389526 0.172852 0.108643
13 0.53304 0.434204 0.16569 0.0979
13 0.378092 0.490356 0.172852 0.121338
14 0.20752 0.510132 0.16569 0.115967
15 0.338379 0.594971 0.15332 0.115723
16 0.417643 0.718628 0.175781 0.127686
14 0.521647 0.539185 0.146159 0.121338
9 0.482747 0.649658 0.158854 0.133789
9 0.642741 0.651855 0.155924 0.131836
