25 0.157389 0.394409 0.138997 0.092529
26 0.229492 0.188477 0.096354 0.090332
21 0.193359 0.290894 0.126302 0.080811
26 0.308757 0.265381 0.12207 0.087402
20 0.368815 0.157593 0.103516 0.079834
21 0.404297 0.236206 0.109375 0.090576
19 0.354818 0.411255 0.143229 0.086182
25 0.315104 0.479248 0.123698 0.09668
22 0.372396 0.566284 0.121745 0.105225
18 0.445312 0.505249 0.134766 0.093506
21 0.509115 0.601318 0.134766 0.083984
20 0.583984 0.678833 0.126302 0.101318
24 0.49349 0.401855 0.109375 0.075684
22 0.538737 0.452759 0.134766 0.073486
24 0.57194 0.513306 0.141927 0.073486
19 0.629883 0.57959 0.119141 0.095703
26 0.744629 0.644409 0.136393 0.104248
23 0.82666 0.698486 0.130534 0.129883
19 0.631999 0.243164 0.123372 0.09375
23 0.612956 0.309937 0.136068 0.0979
23 0.744629 0.329102 0.138997 0.087402
24 0.722656 0.234009 0.120443 0.098877
20 0.883464 0.379517 0.09375 0.090576
22 0.712077 0.465454 0.116211 0.096924
18 0.796224 0.463989 0.100911 0.104248
18 0.89388 0.459595 0.126302 0.085205
