20 0.278442 0.116699 0.171143 0.165039
22 0.285767 0.266439 0.16626 0.17806
25 0.332886 0.405273 0.141846 0.180339
19 0.446533 0.317383 0.145996 0.20638
18 0.555908 0.187826 0.167969 0.188151
22 0.521729 0.485189 0.143555 0.205404
26 0.670654 0.460775 0.169434 0.208659
22 0.209717 0.481283 0.131348 0.200195
26 0.385864 0.559408 0.153076 0.18457
25 0.463989 0.655924 0.135498 0.173828
24 0.428955 0.848633 0.114258 0.207682
21 0.547363 0.808919 0.141113 0.180339
25 0.64502 0.678223 0.176758 0.185872
