16 0.183431 0.27124 0.185872 0.120117
17 0.233724 0.20105 0.175781 0.122314
17 0.443848 0.262817 0.160482 0.086182
17 0.600911 0.168213 0.185547 0.101074
15 0.574707 0.27063 0.130534 0.110596
10 0.683105 0.262695 0.123372 0.11377
9 0.786458 0.313721 0.126302 0.111816
16 0.413411 0.356567 0.152995 0.0979
13 0.574056 0.375244 0.160482 0.083984
14 0.703613 0.375244 0.133138 0.11377
12 0.421875 0.464966 0.173177 0.104248
11 0.601562 0.455933 0.158854 0.092529
12 0.756673 0.455322 0.163086 0.083008
10 0.598796 0.562012 0.164388 0.107422
10 0.749512 0.536621 0.154622 0.094727
11 0.901693 0.517456 0.178385 0.092529
9 0.876139 0.612427 0.161784 0.080811
9 0.737467 0.644287 0.155924 0.114746
11 0.634928 0.720825 0.188477 0.127686
12 0.432617 0.719727 0.174479 0.131836
