20 0.38737 0.095581 0.182943 0.085205
25 0.46224 0.183716 0.149089 0.11499
26 0.573405 0.199585 0.138997 0.123291
21 0.340495 0.197876 0.174479 0.115967
18 0.262695 0.296143 0.134766 0.131836
22 0.42334 0.28772 0.144857 0.110596
20 0.518066 0.35144 0.130534 0.116943
21 0.409831 0.425049 0.160156 0.11377
19 0.306641 0.539307 0.151693 0.13623
22 0.449382 0.63269 0.163086 0.134033
25 0.443197 0.523315 0.172852 0.093506
18 0.593913 0.497314 0.174154 0.099121
23 0.621419 0.39917 0.144531 0.112793
24 0.719238 0.444702 0.147461 0.0979
24 0.763021 0.54248 0.136068 0.112793
19 0.671061 0.584839 0.155924 0.116943
23 0.719076 0.678223 0.175781 0.100098
20 0.859212 0.532837 0.138997 0.127686
23 0.808919 0.388428 0.157552 0.119141
