24 0.148682 0.861491 0.13623 0.140299
18 0.065674 0.542155 0.079102 0.143555
21 0.149902 0.61377 0.105957 0.143555
19 0.253296 0.504557 0.117432 0.116536
24 0.356567 0.469889 0.12085 0.116211
22 0.309326 0.243652 0.104492 0.161133
26 0.453369 0.488444 0.094727 0.166341
19 0.483032 0.716797 0.105225 0.167318
25 0.467163 0.321289 0.102783 0.183594
22 0.558838 0.467773 0.126465 0.142578
18 0.573853 0.291341 0.104248 0.191406
20 0.741089 0.390137 0.128174 0.18457
21 0.875854 0.454753 0.146729 0.16862
22 0.713501 0.246908 0.144287 0.145508
26 0.669067 0.123861 0.148193 0.14681
