7 0.246216 0.380859 0.134521 0.181641
8 0.352051 0.350586 0.13623 0.17513
6 0.224731 0.534342 0.145264 0.189128
0 0.292236 0.773112 0.133789 0.178385
1 0.35083 0.62028 0.120605 0.163086
1 0.413452 0.816569 0.102783 0.174154
2 0.431396 0.487793 0.101074 0.176107
8 0.472534 0.679199 0.128174 0.166341
3 0.540894 0.81722 0.111572 0.166341
7 0.530273 0.586589 0.118164 0.167318
5 0.432983 0.234375 0.112549 0.181641
1 0.491211 0.340169 0.108398 0.160807
6 0.567749 0.433594 0.105225 0.171875
2 0.63208 0.556152 0.131348 0.169596
6 0.55835 0.200846 0.114258 0.17513
5 0.646362 0.29362 0.127197 0.128255
5 0.695435 0.438477 0.095459 0.177083
4 0.776489 0.467122 0.08667 0.165365
3 0.761353 0.314128 0.11499 0.145833
8 0.759766 0.169434 0.132812 0.166341
