22 0.265625 0.135376 0.143229 0.120361
24 0.188477 0.214966 0.181641 0.115967
18 0.319336 0.31897 0.134766 0.120361
24 0.170736 0.406006 0.174154 0.103027
26 0.413411 0.229248 0.136068 0.119141
21 0.520996 0.182617 0.155924 0.108398
20 0.664714 0.20752 0.160156 0.090332
18 0.553548 0.277588 0.155924 0.107422
20 0.520345 0.365723 0.148763 0.105469
23 0.626465 0.362061 0.154622 0.112793
20 0.712077 0.295654 0.155924 0.107422
19 0.378743 0.416138 0.180013 0.0896
25 0.522461 0.481323 0.125 0.115967
24 0.187012 0.581177 0.170247 0.103271
21 0.31722 0.544556 0.133138 0.118896
19 0.421224 0.528198 0.123698 0.109619
21 0.313639 0.668213 0.188477 0.105469
26 0.659831 0.458496 0.158854 0.100098
23 0.777181 0.415527 0.15332 0.124512
23 0.862793 0.355591 0.157227 0.108643
26 0.934408 0.458252 0.130534 0.105957
25 0.840007 0.505249 0.171549 0.110596
25 0.903809 0.57373 0.163086 0.111816
22 0.696452 0.547241 0.144857 0.11792
22 0.570475 0.578003 0.178711 0.088135
19 0.538086 0.677734 0.133464 0.124512
18 0.753092 0.675537 0.193034 0.094727
