24 0.172038 0.17041 0.185872 0.118164
22 0.245605 0.096069 0.188477 0.128662
26 0.346191 0.24353 0.163086 0.122314
21 0.492676 0.171997 0.144857 0.116943
20 0.651204 0.184692 0.176107 0.093506
20 0.670898 0.262207 0.184245 0.102051
18 0.513346 0.280762 0.182943 0.11377
23 0.414876 0.342896 0.15332 0.102295
24 0.271159 0.43103 0.132161 0.121338
26 0.497559 0.415039 0.154622 0.114746
23 0.612956 0.368896 0.152995 0.11377
23 0.760905 0.338013 0.180013 0.086182
23 0.738281 0.425659 0.160156 0.106201
26 0.850749 0.427246 0.12793 0.11377
25 0.816243 0.522705 0.163086 0.088379
19 0.420573 0.467041 0.158854 0.117188
21 0.305827 0.541382 0.178711 0.106201
19 0.390788 0.62146 0.178711 0.096924
19 0.532227 0.542358 0.158854 0.116943
25 0.637044 0.603027 0.178385 0.125488
21 0.495605 0.717041 0.172852 0.120117
22 0.725586 0.652832 0.143229 0.129883
18 0.819661 0.704224 0.158854 0.128662
22 0.639811 0.83374 0.164388 0.143555
