3 0.351196 0.294759 0.173584 0.143555
5 0.497437 0.343424 0.136963 0.225911
8 0.382568 0.471517 0.158203 0.213216
8 0.424438 0.668457 0.14917 0.218424
3 0.307739 0.798014 0.155029 0.176107
7 0.512329 0.842122 0.154053 0.190104
5 0.633667 0.86263 0.123291 0.222656
2 0.735474 0.746094 0.129639 0.186849
2 0.55188 0.627767 0.123779 0.208659
0 0.687866 0.599447 0.146729 0.163086
0 0.628418 0.461751 0.148438 0.150065
2 0.639404 0.302734 0.137695 0.194661
4 0.791504 0.487793 0.12793 0.187174
4 0.750854 0.258789 0.119873 0.19987
0 0.845703 0.312012 0.105957 0.191081
1 0.932373 0.359212 0.09375 0.19043
