26 0.210286 0.146973 0.111979 0.111816
20 0.359701 0.155518 0.110677 0.111816
19 0.588216 0.28772 0.120443 0.102295
24 0.673177 0.226562 0.132161 0.101074
23 0.758626 0.289795 0.12207 0.083008
20 0.896159 0.351929 0.102214 0.11792
18 0.81543 0.425171 0.141927 0.077881
21 0.382324 0.294556 0.15332 0.098877
21 0.271159 0.324341 0.166016 0.086182
19 0.224447 0.401245 0.114909 0.104248
25 0.120443 0.44104 0.119141 0.105225
18 0.237956 0.513184 0.150391 0.082031
25 0.174316 0.574219 0.15332 0.089355
26 0.371745 0.410278 0.140625 0.090576
21 0.278971 0.650635 0.158854 0.100098
22 0.340495 0.753052 0.16862 0.079834
24 0.322917 0.57373 0.108073 0.107422
22 0.414062 0.501587 0.134766 0.098877
19 0.475749 0.599243 0.133138 0.103271
24 0.537272 0.519043 0.129232 0.106445
22 0.623698 0.60498 0.117839 0.100098
20 0.643392 0.708008 0.148763 0.117188
26 0.755208 0.798828 0.120443 0.118164
23 0.712728 0.569458 0.137695 0.105225
18 0.644857 0.490967 0.134766 0.088379
23 0.55013 0.424561 0.109375 0.106445
