12 0.269043 0.24353 0.218424 0.115967
11 0.436035 0.256836 0.172852 0.131836
11 0.655436 0.196899 0.212565 0.133057
13 0.751628 0.271729 0.190104 0.125488
14 0.797038 0.362427 0.204102 0.128662
15 0.595215 0.323853 0.188477 0.127686
17 0.470052 0.386353 0.198568 0.142334
13 0.23291 0.339722 0.211263 0.104248
11 0.189779 0.440552 0.215495 0.110596
17 0.398438 0.474487 0.19987 0.127686
14 0.199707 0.61084 0.147461 0.143555
12 0.324219 0.592896 0.152995 0.1604
16 0.458008 0.635864 0.154297 0.157471
9 0.599447 0.637451 0.163086 0.147949
17 0.747396 0.601929 0.215495 0.104248
12 0.643392 0.455322 0.152018 0.142578
9 0.807617 0.468628 0.210938 0.124268
