18 0.396851 0.083659 0.144287 0.142578
26 0.361816 0.263672 0.145996 0.162109
24 0.234131 0.372233 0.126465 0.177409
25 0.188965 0.518717 0.135254 0.157878
25 0.36792 0.490397 0.133789 0.159831
24 0.405396 0.645671 0.130615 0.148763
23 0.49939 0.729167 0.118408 0.190104
24 0.406982 0.865397 0.105957 0.180664
18 0.573486 0.388021 0.111816 0.186849
22 0.535645 0.578288 0.148438 0.166341
21 0.647095 0.733561 0.161377 0.142253
20 0.630493 0.900228 0.139404 0.163086
20 0.75 0.513346 0.147461 0.129557
21 0.694214 0.321126 0.13208 0.172852
26 0.822021 0.347819 0.140137 0.193685
25 0.916138 0.290365 0.14917 0.184896
