20 0.817546 0.300415 0.160482 0.11499
26 0.841634 0.566406 0.148763 0.11377
20 0.600911 0.209717 0.134766 0.107422
18 0.402181 0.354492 0.155924 0.09375
18 0.589681 0.522827 0.16569 0.079834
22 0.619466 0.310425 0.166016 0.103271
22 0.721842 0.425659 0.147461 0.123291
19 0.553548 0.385864 0.161784 0.105225
24 0.4764 0.455444 0.171549 0.104248
23 0.341146 0.272339 0.167318 0.103271
26 0.283203 0.385376 0.167318 0.0979
19 0.298828 0.473877 0.161458 0.094727
21 0.178548 0.552002 0.161784 0.095703
25 0.330566 0.604492 0.129232 0.120117
21 0.419759 0.536133 0.154622 0.102051
25 0.507487 0.617798 0.166016 0.080811
22 0.570475 0.714355 0.15332 0.123535
21 0.655436 0.606689 0.15332 0.107422
