2 0.233276 0.299642 0.116455 0.159831
0 0.330933 0.306152 0.098877 0.166341
7 0.376953 0.186686 0.120605 0.151367
5 0.470947 0.41569 0.106934 0.151042
3 0.538452 0.306478 0.080811 0.150065
0 0.630493 0.306478 0.085693 0.150065
3 0.639771 0.188965 0.107666 0.120768
1 0.732544 0.193685 0.084717 0.154297
6 0.825317 0.138997 0.104248 0.138021
6 0.793945 0.351074 0.111816 0.135091
0 0.677612 0.4139 0.084229 0.143555
3 0.734497 0.494303 0.095459 0.135091
8 0.241821 0.504069 0.091553 0.143555
8 0.303345 0.664062 0.105225 0.155599
4 0.37561 0.56543 0.11499 0.138021
7 0.501465 0.634928 0.109375 0.140299
2 0.575439 0.819824 0.115723 0.112956
1 0.616943 0.713542 0.109375 0.108724
7 0.712646 0.89209 0.111816 0.114258
2 0.750366 0.791178 0.112549 0.114258
4 0.588989 0.506348 0.105225 0.143555
8 0.658081 0.596354 0.10376 0.132812
6 0.74231 0.655924 0.0896 0.152344
5 0.860718 0.694499 0.110107 0.144857
