22 0.586046 0.105114 0.034505 0.107008
10 0.64464 0.182528 0.05013 0.109375
25 0.649848 0.295928 0.037109 0.11553
23 0.680664 0.316761 0.039714 0.105114
18 0.687717 0.429924 0.048177 0.088068
10 0.739583 0.458097 0.054688 0.089489
19 0.69553 0.518229 0.053385 0.09517
23 0.594293 0.200758 0.056207 0.096591
24 0.608724 0.288826 0.039062 0.112689
31 0.688694 0.59233 0.047526 0.082386
15 0.713976 0.719934 0.044271 0.116951
28 0.643338 0.400805 0.041016 0.109375
17 0.587674 0.395123 0.042969 0.106534
32 0.567925 0.296638 0.045573 0.108428
34 0.536458 0.224195 0.050781 0.09517
24 0.503472 0.287405 0.045573 0.11553
30 0.532769 0.36411 0.047743 0.113636
14 0.55447 0.443892 0.051649 0.106534
13 0.643012 0.494792 0.040365 0.105114
15 0.604492 0.49053 0.042318 0.110795
26 0.628147 0.581676 0.052734 0.086648
30 0.606771 0.643229 0.050781 0.09233
22 0.662326 0.657434 0.047743 0.089489
16 0.656033 0.745739 0.042969 0.105114
10 0.56467 0.577178 0.042969 0.109848
18 0.536458 0.537879 0.041667 0.107955
13 0.506402 0.453835 0.047526 0.112216
12 0.466688 0.487689 0.049696 0.102273
14 0.413737 0.525568 0.047526 0.11553
16 0.448568 0.575758 0.052951 0.107008
12 0.488064 0.631155 0.054253 0.099432
9 0.435113 0.6991 0.039062 0.112216
24 0.473633 0.721354 0.047526 0.111269
20 0.41645 0.805161 0.056858 0.106534
28 0.455838 0.880682 0.052734 0.088068
14 0.39605 0.908617 0.056858 0.11553
21 0.962782 0.81179 0.047526 0.119792
4 0.976997 0.914773 0.045573 0.119318
