9 0.112793 0.398926 0.077637 0.097982
28 0.264282 0.591471 0.075928 0.083984
28 0.027222 0.790527 0.054932 0.093424
24 0.080688 0.763835 0.073486 0.101237
21 0.050171 0.87028 0.079346 0.068685
10 0.126709 0.883301 0.072754 0.099284
15 0.133667 0.750326 0.073486 0.080729
2 0.202271 0.713542 0.085693 0.09375
28 0.164062 0.813314 0.087402 0.099935
13 0.312622 0.675456 0.084717 0.10026
2 0.339478 0.332682 0.070068 0.10026
5 0.415527 0.351074 0.05957 0.102539
23 0.368408 0.479167 0.072754 0.09375
0 0.495728 0.252441 0.081787 0.091471
7 0.501831 0.398275 0.074463 0.099284
34 0.571777 0.36735 0.083984 0.083008
4 0.653198 0.366211 0.075928 0.108724
24 0.575073 0.451009 0.077393 0.084961
11 0.323608 0.554525 0.074463 0.094727
26 0.38147 0.563314 0.056396 0.094727
22 0.420532 0.687988 0.061279 0.099284
4 0.424927 0.794271 0.067139 0.103516
14 0.432739 0.544759 0.056396 0.092773
26 0.469727 0.628743 0.070312 0.078451
34 0.484009 0.724447 0.075928 0.078451
34 0.485107 0.518229 0.060547 0.10026
11 0.550293 0.559408 0.060547 0.096029
32 0.53894 0.635254 0.068604 0.07194
30 0.555176 0.705892 0.070312 0.069987
15 0.627197 0.671061 0.072754 0.091471
32 0.684082 0.63916 0.067871 0.099284
9 0.537598 0.789551 0.079102 0.097982
15 0.611328 0.771647 0.070312 0.081706
31 0.682861 0.798177 0.07666 0.108724
16 0.789185 0.63265 0.066162 0.107747
20 0.783813 0.752604 0.081787 0.089193
