34 0.330729 0.176147 0.089193 0.079346
30 0.253743 0.221313 0.111003 0.080811
13 0.423503 0.153198 0.116536 0.072021
26 0.484212 0.19397 0.109701 0.080811
9 0.555664 0.169922 0.104818 0.085938
32 0.419596 0.234253 0.104818 0.090576
4 0.36084 0.260132 0.105794 0.086182
15 0.275065 0.282715 0.110026 0.08252
31 0.249837 0.34082 0.122721 0.077148
9 0.163086 0.371948 0.120443 0.096436
11 0.30306 0.404907 0.104818 0.072021
15 0.366211 0.344849 0.093099 0.08667
20 0.444661 0.362671 0.091797 0.091064
16 0.505371 0.322266 0.09082 0.084473
32 0.542969 0.253174 0.097005 0.083984
10 0.649902 0.280151 0.099935 0.077393
3 0.603516 0.334229 0.10612 0.081543
3 0.723307 0.355347 0.110677 0.076416
23 0.659668 0.407471 0.109701 0.077148
28 0.575846 0.422607 0.087891 0.08252
11 0.488118 0.435181 0.113607 0.073486
14 0.389486 0.443237 0.105794 0.070557
24 0.291829 0.463989 0.117513 0.067627
22 0.259277 0.527222 0.11556 0.065186
26 0.348958 0.523193 0.085938 0.07959
9 0.436198 0.504272 0.106771 0.063721
4 0.283366 0.594604 0.13444 0.080322
34 0.458984 0.603149 0.120443 0.069092
32 0.791341 0.435547 0.095052 0.078613
12 0.661784 0.477051 0.121745 0.075684
29 0.614746 0.533936 0.118815 0.085938
5 0.536784 0.549072 0.091146 0.083984
34 0.737142 0.552734 0.094727 0.088379
7 0.812174 0.524292 0.085286 0.075928
6 0.949707 0.044189 0.097982 0.084473
