0 0.128662 0.198079 0.094727 0.091471
8 0.070923 0.372233 0.079834 0.10319
18 0.037109 0.522461 0.072754 0.106771
3 0.045776 0.640299 0.078369 0.098958
32 0.077026 0.756348 0.067627 0.10319
18 0.065308 0.851237 0.088135 0.076172
18 0.170532 0.65446 0.085693 0.101237
22 0.199585 0.780762 0.093018 0.112956
7 0.157227 0.894043 0.096191 0.107747
22 0.181519 0.562663 0.073486 0.086914
4 0.334595 0.054199 0.078369 0.094727
11 0.444458 0.20459 0.076904 0.096029
23 0.479004 0.436198 0.079102 0.098958
27 0.54541 0.419922 0.080078 0.098958
20 0.554321 0.510091 0.076904 0.083984
6 0.628418 0.396159 0.080078 0.105469
1 0.678101 0.347168 0.073486 0.107747
13 0.699219 0.276204 0.07666 0.097982
32 0.692627 0.44222 0.066895 0.102539
30 0.631592 0.49707 0.075195 0.098958
20 0.587646 0.588704 0.071777 0.093424
19 0.531128 0.62679 0.062744 0.104492
31 0.478638 0.633138 0.05542 0.10026
8 0.41394 0.735677 0.075928 0.092448
29 0.481445 0.773112 0.077637 0.08724
10 0.521729 0.725423 0.086426 0.089518
12 0.748779 0.486165 0.066895 0.10319
25 0.729736 0.646647 0.08252 0.114258
16 0.673218 0.707031 0.078369 0.076172
19 0.694702 0.781738 0.080811 0.078451
27 0.647827 0.84375 0.063721 0.113281
2 0.790771 0.558919 0.062988 0.097005
21 0.775757 0.798665 0.078369 0.079753
31 0.89209 0.479655 0.060547 0.109701
7 0.827271 0.438965 0.080811 0.086914
