26 0.324707 0.225708 0.106445 0.079834
16 0.407552 0.231445 0.102865 0.080566
12 0.488932 0.218994 0.092448 0.084961
20 0.548991 0.172852 0.084961 0.07959
27 0.604818 0.2146 0.095052 0.064453
19 0.675293 0.181152 0.08431 0.075684
13 0.723633 0.226807 0.093099 0.067871
1 0.751953 0.273438 0.095703 0.066895
21 0.251302 0.261597 0.108724 0.059326
28 0.352865 0.297852 0.100911 0.064941
8 0.438314 0.304077 0.073242 0.078369
11 0.517578 0.309326 0.088542 0.070312
5 0.545736 0.259155 0.099935 0.06958
20 0.643066 0.25769 0.09668 0.063721
31 0.677409 0.306885 0.080078 0.071777
19 0.597493 0.322021 0.073242 0.080566
21 0.251302 0.314087 0.102865 0.053955
30 0.33138 0.355469 0.06901 0.066895
32 0.24235 0.361938 0.111003 0.053955
16 0.237305 0.424561 0.07487 0.076172
6 0.327637 0.413452 0.095378 0.054932
31 0.407552 0.438477 0.076823 0.075684
7 0.415527 0.359985 0.098633 0.068604
10 0.512858 0.361084 0.102539 0.066406
8 0.59554 0.389526 0.097331 0.068115
2 0.677734 0.373291 0.087891 0.072266
19 0.739258 0.36377 0.076172 0.067383
29 0.788574 0.326904 0.084961 0.070801
1 0.848145 0.296265 0.06543 0.07251
28 0.805339 0.396973 0.075521 0.071777
15 0.742839 0.431396 0.079427 0.066895
8 0.664388 0.439209 0.097005 0.066406
23 0.560221 0.433838 0.098958 0.069824
27 0.47347 0.433472 0.064128 0.07251
17 0.339193 0.503784 0.070312 0.070557
4 0.521484 0.488647 0.089193 0.072998
14 0.594238 0.497559 0.092773 0.081055
21 0.667969 0.526855 0.094401 0.069336
13 0.752279 0.496704 0.092448 0.078369
