34 0.582465 0.086411 0.053385 0.098011
23 0.637587 0.116477 0.042969 0.126894
32 0.679796 0.118134 0.034939 0.115057
12 0.715929 0.234138 0.049479 0.112216
13 0.733724 0.36553 0.053385 0.133523
16 0.66862 0.225616 0.039062 0.109375
9 0.625217 0.233428 0.053385 0.088068
14 0.686306 0.324574 0.0523 0.115057
24 0.631076 0.321023 0.05599 0.09375
18 0.650499 0.414299 0.052734 0.096591
15 0.698785 0.4259 0.045573 0.119792
12 0.590712 0.475852 0.056858 0.09375
10 0.66135 0.510417 0.060113 0.09375
11 0.709093 0.555634 0.04362 0.12358
34 0.612956 0.625947 0.038411 0.112689
12 0.573568 0.666903 0.046441 0.111269
32 0.642904 0.714962 0.0523 0.077652
32 0.647569 0.625237 0.040365 0.108428
19 0.697808 0.683239 0.055339 0.124053
24 0.576823 0.836174 0.055556 0.122159
15 0.632704 0.840436 0.04362 0.119318
11 0.674805 0.803741 0.059245 0.106534
27 0.695204 0.872869 0.05013 0.09233
16 0.861545 0.670455 0.05816 0.104167
16 0.910265 0.794508 0.061849 0.105114
30 0.975043 0.941761 0.049479 0.089962
