1 0.032349 0.167155 0.061279 0.086263
14 0.077393 0.130208 0.075195 0.092448
30 0.106323 0.214355 0.074463 0.102539
17 0.049316 0.249023 0.067871 0.08724
27 0.196655 0.38151 0.064697 0.095703
29 0.295532 0.295736 0.068604 0.111003
29 0.119385 0.574056 0.072754 0.099284
10 0.223511 0.538737 0.075928 0.082682
23 0.191772 0.628255 0.079346 0.070964
3 0.232422 0.454102 0.058105 0.09375
3 0.271606 0.485026 0.061279 0.092448
8 0.328857 0.55127 0.071777 0.09668
17 0.266235 0.608724 0.073486 0.083984
29 0.320312 0.659342 0.067871 0.104492
6 0.249512 0.709798 0.077637 0.088216
0 0.368774 0.113932 0.05249 0.098958
9 0.520996 0.230143 0.060547 0.103516
19 0.452148 0.60498 0.058105 0.093424
5 0.430054 0.94873 0.085205 0.101888
28 0.578369 0.641276 0.069336 0.105469
21 0.630005 0.70166 0.076904 0.097982
26 0.572632 0.742676 0.06958 0.104492
10 0.712646 0.667318 0.092285 0.103516
28 0.606445 0.8361 0.086426 0.104492
24 0.625122 0.579427 0.079834 0.110026
15 0.675171 0.52946 0.07251 0.101237
28 0.72522 0.573079 0.072021 0.101237
9 0.698853 0.890951 0.080811 0.092448
2 0.724854 0.45638 0.077637 0.106771
28 0.74353 0.303385 0.077393 0.095703
13 0.816284 0.355957 0.088135 0.101237
2 0.7146 0.044759 0.086426 0.090169
23 0.800903 0.139974 0.067139 0.105469
11 0.785889 0.23877 0.08252 0.09668
26 0.85376 0.207357 0.070312 0.105469
14 0.894897 0.161296 0.064697 0.104492
22 0.937622 0.303223 0.081787 0.117513
26 0.962524 0.206868 0.074463 0.097982
34 0.937988 0.108073 0.069336 0.108724
