23 0.112793 0.282227 0.05957 0.090495
3 0.270264 0.339681 0.080078 0.10319
32 0.333374 0.193197 0.06958 0.10319
7 0.392334 0.132975 0.080078 0.096029
18 0.416016 0.215983 0.066895 0.107747
12 0.4823 0.2111 0.07251 0.099935
1 0.503052 0.278809 0.073486 0.107747
25 0.343872 0.309896 0.071045 0.10026
27 0.398926 0.412923 0.071777 0.109049
24 0.470093 0.420573 0.074463 0.082682
30 0.368286 0.534505 0.071045 0.108724
0 0.123413 0.742839 0.089111 0.102214
22 0.420898 0.608236 0.07666 0.099935
22 0.446533 0.731934 0.079102 0.102539
18 0.451782 0.492025 0.074951 0.104492
12 0.522583 0.510579 0.070068 0.076497
18 0.527466 0.577311 0.081787 0.068685
16 0.593384 0.501302 0.063721 0.103516
17 0.540894 0.313151 0.06958 0.106771
25 0.599976 0.217611 0.058838 0.102539
6 0.614502 0.315267 0.071777 0.089518
14 0.589355 0.39502 0.075195 0.099284
5 0.652344 0.426432 0.077637 0.098958
31 0.724487 0.383138 0.073486 0.116536
34 0.68457 0.530111 0.084961 0.091471
8 0.653564 0.61735 0.084961 0.107747
