34 0.482205 0.070549 0.063368 0.129735
25 0.53635 0.24053 0.054905 0.090909
7 0.433485 0.285275 0.064453 0.111269
1 0.497938 0.290956 0.05013 0.131155
3 0.586372 0.215672 0.05599 0.09517
20 0.656467 0.147491 0.055556 0.116951
32 0.684353 0.044034 0.056207 0.088068
29 0.701823 0.194129 0.056858 0.121212
16 0.656467 0.25947 0.063368 0.107955
34 0.612413 0.306108 0.06467 0.115057
20 0.563694 0.354877 0.059245 0.12358
10 0.522027 0.418561 0.062717 0.107955
23 0.478841 0.456676 0.056641 0.112216
12 0.433811 0.509706 0.054688 0.115057
34 0.427517 0.630208 0.056858 0.118371
12 0.405924 0.728456 0.048828 0.122633
32 0.466688 0.704072 0.056207 0.107955
18 0.46441 0.595881 0.047743 0.120739
7 0.493056 0.559186 0.048177 0.122159
11 0.504557 0.673295 0.054253 0.121212
27 0.492296 0.781013 0.053602 0.106534
24 0.53776 0.578598 0.049479 0.118371
30 0.552192 0.669034 0.056207 0.11553
16 0.570964 0.763021 0.052951 0.111269
28 0.542643 0.807528 0.057943 0.111269
23 0.559136 0.474669 0.054036 0.116951
9 0.586046 0.583097 0.05013 0.106534
5 0.536024 0.9259 0.055556 0.100852
31 0.584418 0.886364 0.050781 0.113636
19 0.615343 0.840436 0.054905 0.122159
18 0.603733 0.719934 0.060764 0.119792
16 0.630425 0.643939 0.052083 0.130682
28 0.659071 0.727273 0.055556 0.085227
28 0.607422 0.522017 0.05599 0.125473
10 0.658746 0.559896 0.057509 0.106534
29 0.61263 0.405777 0.052083 0.099432
9 0.660048 0.368371 0.050998 0.113636
34 0.691949 0.487453 0.05013 0.11411
13 0.711589 0.387784 0.06467 0.121212
27 0.738607 0.495975 0.046224 0.125473
30 0.845812 0.448864 0.064453 0.113636
12 0.811957 0.53054 0.066623 0.116951
25 0.791884 0.616004 0.054253 0.121212
4 0.865885 0.589962 0.059896 0.132576
6 0.972439 0.524858 0.050781 0.139678
15 0.96875 0.768703 0.054253 0.131155
14 0.952691 0.883523 0.069444 0.119318
