12 0.428874 0.159302 0.195638 0.123291
11 0.587565 0.082275 0.232422 0.143555
13 0.653971 0.198975 0.209635 0.143555
17 0.786296 0.275391 0.219727 0.143555
12 0.641276 0.368896 0.144531 0.149902
10 0.699219 0.487305 0.207031 0.125488
15 0.516113 0.290405 0.188477 0.1521
17 0.351888 0.268555 0.185547 0.138184
17 0.42334 0.392212 0.187174 0.169189
14 0.459473 0.589111 0.163086 0.150879
10 0.267741 0.615723 0.204102 0.112793
16 0.461426 0.80835 0.212565 0.158203
9 0.564941 0.735107 0.218424 0.147949
9 0.727051 0.697998 0.236654 0.149902
