31 0.368408 0.463379 0.058105 0.092773
27 0.462769 0.434733 0.056396 0.091471
13 0.568115 0.418457 0.080078 0.07194
30 0.65686 0.489421 0.068604 0.107747
13 0.745972 0.580566 0.067627 0.114258
19 0.777344 0.678874 0.071777 0.111003
20 0.69751 0.722819 0.089844 0.114258
10 0.789062 0.889811 0.074219 0.112305
27 0.65564 0.771484 0.084229 0.097005
19 0.512817 0.480632 0.057373 0.101237
6 0.573364 0.488281 0.071045 0.077474
21 0.623047 0.574707 0.062988 0.097982
1 0.555542 0.591471 0.075928 0.079427
25 0.490479 0.567546 0.067871 0.086263
21 0.418457 0.548665 0.071777 0.091471
2 0.38147 0.611491 0.075928 0.106445
16 0.495728 0.676595 0.073486 0.089518
11 0.574707 0.717285 0.075195 0.10319
20 0.529419 0.761719 0.071045 0.098958
32 0.457397 0.741048 0.073486 0.101237
12 0.371948 0.763835 0.073486 0.101237
7 0.308105 0.73584 0.049805 0.101237
8 0.614624 0.837077 0.078369 0.078451
23 0.617798 0.913737 0.081787 0.083984
