22 0.145833 0.137939 0.119141 0.07666
22 0.061686 0.193237 0.100586 0.068115
31 0.110514 0.258545 0.09668 0.062988
1 0.180664 0.211792 0.095052 0.060791
2 0.11263 0.320068 0.100911 0.058594
14 0.031901 0.348145 0.064453 0.079102
29 0.108561 0.383789 0.097982 0.071289
25 0.198242 0.369385 0.102214 0.070312
3 0.201172 0.298218 0.104818 0.061768
0 0.244954 0.245728 0.099284 0.073486
27 0.271973 0.3302 0.082357 0.078857
6 0.329915 0.272339 0.105143 0.056396
32 0.344727 0.335449 0.075521 0.083008
18 0.368164 0.173584 0.091146 0.077637
6 0.428223 0.099243 0.106445 0.069092
7 0.464355 0.14856 0.079753 0.066162
18 0.440918 0.199097 0.097982 0.060791
25 0.40918 0.245239 0.074219 0.061768
21 0.407064 0.316406 0.075195 0.07666
30 0.475749 0.357788 0.107747 0.078857
27 0.349772 0.438354 0.09668 0.087158
34 0.493978 0.254761 0.082357 0.051025
7 0.509766 0.300415 0.102214 0.059814
12 0.528809 0.197998 0.064128 0.069336
28 0.564779 0.143311 0.102214 0.05957
23 0.594564 0.200073 0.082357 0.069092
3 0.586751 0.257935 0.103841 0.051025
32 0.603027 0.311035 0.105143 0.068359
10 0.675944 0.23938 0.095378 0.079834
3 0.656901 0.139648 0.099609 0.088379
26 0.719076 0.087036 0.079427 0.068115
16 0.473633 0.437378 0.120443 0.066162
17 0.416992 0.487793 0.109375 0.071289
10 0.520182 0.514282 0.100911 0.084229
30 0.54362 0.763794 0.113281 0.079834
12 0.295247 0.849731 0.134766 0.081787
4 0.780762 0.897949 0.137695 0.100098
23 0.865723 0.832764 0.131836 0.103027
