8 0.499891 0.183949 0.075304 0.169981
29 0.525282 0.329072 0.061415 0.163826
23 0.468967 0.350616 0.060764 0.175663
0 0.428494 0.447443 0.060113 0.174242
14 0.375651 0.458097 0.062066 0.175663
30 0.429905 0.602273 0.075955 0.168561
17 0.468424 0.74858 0.08572 0.160038
24 0.487088 0.508286 0.065321 0.161458
25 0.527561 0.620265 0.075087 0.149621
5 0.551432 0.494555 0.086372 0.139678
4 0.60319 0.395597 0.07921 0.142519
12 0.585069 0.286695 0.073351 0.119792
14 0.602105 0.158144 0.060113 0.158144
12 0.693576 0.163352 0.086372 0.119318
27 0.659071 0.272254 0.080295 0.133523
21 0.75944 0.118845 0.065321 0.160038
