13 0.227173 0.172526 0.08667 0.098958
4 0.098267 0.438314 0.080811 0.114258
11 0.272339 0.446615 0.084229 0.108724
8 0.063965 0.954753 0.098633 0.089844
23 0.432617 0.585449 0.079102 0.111003
27 0.46521 0.501465 0.082275 0.101237
31 0.538086 0.726562 0.086426 0.119792
19 0.574341 0.671224 0.090576 0.10026
10 0.623901 0.750326 0.082275 0.09375
8 0.547363 0.869303 0.08252 0.114258
29 0.622681 0.832845 0.081787 0.102539
20 0.594604 0.583333 0.080811 0.074219
20 0.528198 0.55778 0.073486 0.114258
30 0.575439 0.473145 0.091309 0.086263
6 0.509155 0.398275 0.084229 0.079753
1 0.525024 0.32015 0.076904 0.094727
32 0.588867 0.377767 0.079102 0.107747
13 0.501343 0.250651 0.083252 0.083984
7 0.684937 0.240397 0.077393 0.111003
12 0.651611 0.351074 0.074219 0.109049
2 0.721069 0.36084 0.083252 0.112956
31 0.749634 0.215495 0.081787 0.106771
25 0.730469 0.482259 0.087402 0.084961
16 0.724365 0.578451 0.089844 0.111979
19 0.785034 0.614746 0.082275 0.109049
27 0.789917 0.711751 0.082275 0.120768
21 0.845215 0.545898 0.083984 0.110026
