14 0.461548 0.362956 0.078369 0.106771
2 0.121216 0.049805 0.073486 0.090495
28 0.184692 0.105143 0.075928 0.076172
10 0.107178 0.136882 0.084473 0.087565
9 0.12915 0.237305 0.064941 0.099609
3 0.190552 0.225098 0.078857 0.075195
11 0.252808 0.157227 0.085205 0.103516
9 0.267212 0.071777 0.083252 0.074544
26 0.45813 0.056315 0.071045 0.106771
34 0.519897 0.058268 0.061279 0.11263
34 0.547607 0.145833 0.075195 0.115234
22 0.498169 0.201986 0.072998 0.113607
7 0.597656 0.050618 0.074219 0.094076
13 0.1521 0.402507 0.077637 0.097982
34 0.161255 0.492188 0.088623 0.070312
30 0.192383 0.577148 0.07666 0.108724
32 0.432861 0.453451 0.069336 0.102214
26 0.384644 0.499837 0.072998 0.100586
24 0.626099 0.337077 0.068604 0.114909
16 0.505737 0.433594 0.073486 0.099609
20 0.548462 0.521484 0.068604 0.109375
4 0.730347 0.397298 0.058838 0.101888
15 0.602905 0.580404 0.083252 0.103516
11 0.689209 0.612142 0.086426 0.103841
9 0.552856 0.665853 0.085693 0.116862
32 0.431274 0.572266 0.080811 0.077474
31 0.484131 0.640951 0.07666 0.093099
4 0.325439 0.623047 0.083984 0.102865
15 0.302856 0.708984 0.078857 0.110026
