10 0.056763 0.076009 0.071045 0.092773
29 0.08728 0.035807 0.073486 0.070964
26 0.150269 0.0625 0.07251 0.095703
21 0.208496 0.072754 0.070312 0.075195
0 0.268311 0.090169 0.05957 0.103516
23 0.034546 0.125651 0.06958 0.093099
17 0.122925 0.113444 0.068604 0.097982
27 0.192505 0.137207 0.080811 0.078451
6 0.099854 0.161784 0.074219 0.098958
3 0.075073 0.220866 0.073486 0.097982
27 0.051392 0.306641 0.062256 0.08724
3 0.086792 0.366211 0.071045 0.089193
9 0.060791 0.458008 0.074219 0.097005
13 0.134399 0.414551 0.078369 0.099284
11 0.111572 0.289225 0.075195 0.099935
9 0.174316 0.289714 0.07666 0.077474
24 0.237427 0.293132 0.075928 0.107747
29 0.263794 0.207845 0.083252 0.097982
23 0.497314 0.11735 0.086426 0.101237
22 0.508667 0.240397 0.068604 0.11556
26 0.569824 0.21875 0.075195 0.115234
5 0.586426 0.120443 0.083984 0.105469
2 0.628418 0.056478 0.07666 0.10319
7 0.679199 0.183431 0.077637 0.090169
34 0.767456 0.18278 0.073486 0.117513
4 0.796875 0.309245 0.06543 0.110026
24 0.68335 0.313151 0.072754 0.113281
4 0.49939 0.386882 0.071045 0.109049
26 0.474976 0.483398 0.06958 0.102214
34 0.516968 0.55127 0.068604 0.081706
14 0.572998 0.338704 0.06543 0.114258
34 0.627563 0.36735 0.072021 0.104492
32 0.577515 0.44873 0.079346 0.109049
30 0.588989 0.548991 0.071045 0.088216
32 0.673096 0.475911 0.086426 0.095703
11 0.720337 0.412435 0.093018 0.097005
16 0.764282 0.501465 0.099365 0.107747
20 0.740234 0.583822 0.08252 0.088216
15 0.648682 0.568197 0.060547 0.097982
31 0.678467 0.65918 0.058105 0.10026
15 0.724854 0.763346 0.062988 0.108724
9 0.529053 0.806315 0.096191 0.103516
