24 0.122681 0.203613 0.071045 0.111003
23 0.074219 0.321777 0.084961 0.086914
23 0.133179 0.379883 0.092529 0.109375
28 0.03833 0.416341 0.074707 0.102865
2 0.03833 0.53597 0.074707 0.097982
10 0.061768 0.628418 0.088867 0.095378
28 0.119995 0.546224 0.090576 0.092448
3 0.089233 0.445638 0.080322 0.102865
9 0.177368 0.447266 0.093018 0.10612
11 0.203125 0.538086 0.074707 0.105469
3 0.175537 0.654134 0.091797 0.107747
9 0.123169 0.707845 0.083252 0.107747
26 0.344971 0.287435 0.06543 0.106771
5 0.348633 0.159668 0.086426 0.088867
7 0.474731 0.181966 0.090576 0.096354
34 0.403564 0.246257 0.062988 0.111003
34 0.470947 0.305827 0.082031 0.097982
22 0.45459 0.396973 0.069824 0.107747
24 0.627563 0.430339 0.082764 0.122396
4 0.750854 0.408366 0.090088 0.124023
14 0.486572 0.570312 0.091309 0.086589
16 0.558228 0.606934 0.063721 0.107747
20 0.633911 0.650716 0.083252 0.11263
15 0.710938 0.668294 0.084473 0.11849
11 0.796875 0.641439 0.091797 0.082357
9 0.700806 0.779785 0.068115 0.108398
31 0.627808 0.814453 0.078369 0.135417
32 0.498169 0.680013 0.085205 0.102865
26 0.474609 0.756185 0.091797 0.108724
32 0.546997 0.783366 0.081299 0.111003
13 0.219482 0.841146 0.091797 0.11263
34 0.265869 0.909993 0.084473 0.114909
30 0.338501 0.951172 0.093018 0.093099
4 0.474609 0.904297 0.091797 0.106771
