24 0.627496 0.091619 0.046224 0.122633
25 0.670247 0.125947 0.039714 0.130682
23 0.694553 0.212121 0.051432 0.110795
6 0.735677 0.277225 0.039062 0.112216
10 0.717556 0.382812 0.041016 0.116951
26 0.742188 0.49053 0.050781 0.096591
30 0.974718 0.511127 0.05013 0.115057
21 0.950738 0.767992 0.050781 0.121212
4 0.974067 0.861269 0.046224 0.104167
15 0.714301 0.622396 0.038411 0.11411
29 0.744141 0.708333 0.050781 0.090909
28 0.679036 0.3009 0.050781 0.116951
18 0.687066 0.412169 0.040365 0.100852
19 0.692925 0.504735 0.049479 0.09375
30 0.643555 0.348485 0.053602 0.105114
14 0.643663 0.196259 0.050781 0.111269
12 0.618598 0.277936 0.050998 0.113636
32 0.588976 0.171875 0.041667 0.122159
23 0.556207 0.158854 0.044271 0.119792
34 0.500217 0.109612 0.046875 0.086648
9 0.535156 0.265862 0.049479 0.086648
16 0.574219 0.277936 0.038194 0.116477
24 0.533095 0.347775 0.056207 0.09517
14 0.589952 0.374053 0.055339 0.088068
18 0.546549 0.443892 0.046224 0.083807
13 0.62717 0.424953 0.044271 0.106534
17 0.644314 0.525568 0.044271 0.107008
15 0.587674 0.465909 0.042969 0.107955
12 0.484809 0.485322 0.055556 0.086174
10 0.547852 0.557055 0.052734 0.083807
26 0.596897 0.560606 0.047092 0.090909
13 0.64171 0.614347 0.046875 0.103693
31 0.666558 0.710464 0.056207 0.106534
31 0.602431 0.662405 0.05816 0.090909
30 0.559787 0.660985 0.034505 0.107955
32 0.528537 0.643939 0.036241 0.107955
34 0.495009 0.630919 0.03776 0.111269
12 0.457465 0.662405 0.040365 0.110795
32 0.522569 0.756392 0.049479 0.09233
16 0.569553 0.752131 0.046224 0.09517
22 0.618273 0.744318 0.049045 0.088068
27 0.678711 0.81108 0.041016 0.112689
15 0.555773 0.879261 0.051649 0.125
24 0.448025 0.825994 0.047526 0.125473
20 0.405816 0.935133 0.059462 0.125
