32 0.461548 0.08903 0.088135 0.105794
1 0.532593 0.035482 0.084229 0.071615
7 0.523438 0.11084 0.071777 0.107747
17 0.553589 0.214355 0.063721 0.109049
12 0.726807 0.181803 0.086426 0.124023
10 0.93811 0.193685 0.095459 0.095703
18 0.413208 0.188965 0.085693 0.101237
24 0.464478 0.262207 0.085693 0.117513
0 0.378052 0.295085 0.085693 0.114258
31 0.688599 0.340169 0.084717 0.082682
29 0.777222 0.400391 0.093018 0.110026
27 0.485596 0.43457 0.087402 0.10026
12 0.559204 0.478516 0.088135 0.083984
14 0.591797 0.573568 0.066895 0.119792
18 0.455811 0.555013 0.086426 0.09375
25 0.505127 0.646647 0.08252 0.114258
18 0.396118 0.486816 0.080811 0.124023
22 0.408203 0.391764 0.087402 0.083659
30 0.324463 0.447103 0.079102 0.088216
25 0.217407 0.443848 0.084717 0.101237
8 0.085205 0.496582 0.088867 0.078451
34 0.143799 0.595703 0.087402 0.090495
25 0.219482 0.569661 0.08252 0.111979
5 0.251221 0.678223 0.074219 0.112305
31 0.248657 0.773112 0.105225 0.102214
16 0.422485 0.645182 0.081787 0.115234
6 0.459106 0.743327 0.068604 0.114258
