29 0.119792 0.349243 0.166016 0.134033
30 0.24349 0.304077 0.141927 0.122314
30 0.418294 0.261108 0.160156 0.108643
29 0.560547 0.163574 0.144531 0.131836
29 0.704915 0.216064 0.155924 0.120117
28 0.525879 0.308472 0.154622 0.109619
30 0.67806 0.320557 0.167318 0.119141
29 0.784993 0.391113 0.160482 0.11377
27 0.578939 0.377319 0.155924 0.115967
28 0.321452 0.363525 0.144857 0.124512
27 0.411296 0.396973 0.146159 0.129883
30 0.239421 0.461182 0.147461 0.124512
28 0.332031 0.506348 0.140625 0.121094
32 0.472168 0.4729 0.135091 0.128906
28 0.666016 0.446899 0.16862 0.123291
34 0.603678 0.515869 0.163086 0.119141
34 0.765137 0.515381 0.160482 0.132812
31 0.702148 0.60083 0.178385 0.114746
32 0.418294 0.592896 0.126302 0.11792
34 0.524577 0.619995 0.123372 0.116943
31 0.656901 0.683105 0.164714 0.107422
27 0.284668 0.661377 0.172852 0.119141
32 0.399414 0.711792 0.175781 0.122314
27 0.246419 0.780273 0.164714 0.102051
34 0.523112 0.740356 0.145833 0.128662
31 0.686686 0.801392 0.130534 0.123291
31 0.862793 0.73291 0.182617 0.118164
32 0.453125 0.827393 0.190104 0.118164
