34 0.145386 0.109049 0.152588 0.180339
30 0.303711 0.237142 0.125488 0.187174
29 0.521362 0.198568 0.154053 0.181641
27 0.546143 0.451986 0.159668 0.215169
31 0.57019 0.641439 0.155518 0.179362
27 0.477783 0.849121 0.158203 0.208659
32 0.312622 0.388509 0.141846 0.142253
34 0.335449 0.527995 0.120605 0.186849
32 0.35083 0.829102 0.115723 0.177083
34 0.393188 0.667969 0.141846 0.147786
29 0.177124 0.539388 0.157471 0.190104
30 0.228027 0.709635 0.133789 0.190104
29 0.177856 0.332682 0.124756 0.184896
