14 0.403212 0.306108 0.075087 0.192708
9 0.475911 0.310369 0.086372 0.19839
30 0.497938 0.430634 0.080512 0.192708
13 0.515734 0.161695 0.08572 0.151042
14 0.588759 0.145833 0.065972 0.185606
8 0.661024 0.205492 0.080295 0.143939
22 0.709418 0.070312 0.083767 0.141572
21 0.739909 0.201941 0.089627 0.131155
12 0.805013 0.125237 0.071398 0.178504
27 0.873698 0.41714 0.083767 0.19697
29 0.86122 0.617188 0.071832 0.187027
4 0.924371 0.758523 0.094401 0.199811
5 0.801107 0.74929 0.070095 0.172822
12 0.796115 0.564157 0.07053 0.172822
22 0.739692 0.651752 0.065321 0.189867
16 0.680122 0.639678 0.072483 0.188447
32 0.748481 0.356061 0.091146 0.138258
8 0.685004 0.413589 0.067925 0.178504
21 0.626736 0.435133 0.067274 0.204545
23 0.566406 0.320312 0.062066 0.178504
24 0.570964 0.483191 0.06467 0.165246
17 0.426649 0.544271 0.088976 0.161458
25 0.511068 0.656723 0.075087 0.188447
6 0.364475 0.68679 0.08572 0.151042
25 0.30523 0.768229 0.084418 0.192708
34 0.275933 0.920218 0.090061 0.158617
10 0.365451 0.840436 0.082465 0.171402
18 0.412109 0.899148 0.085069 0.179924
32 0.441623 0.684659 0.082465 0.129735
30 0.483398 0.81179 0.084418 0.148201
30 0.572266 0.655303 0.068576 0.194129
28 0.564996 0.798769 0.089627 0.122159
3 0.541667 0.922112 0.079861 0.128314
2 0.631836 0.737216 0.065321 0.188447
