28 0.311768 0.159668 0.154785 0.198893
29 0.432617 0.102051 0.147461 0.192383
31 0.584839 0.156901 0.147705 0.210938
29 0.244995 0.311361 0.146729 0.192383
28 0.307739 0.408529 0.150146 0.184896
31 0.187744 0.492188 0.145996 0.186849
29 0.27356 0.601237 0.140381 0.201172
31 0.383423 0.674967 0.125732 0.207357
27 0.417114 0.472656 0.139404 0.20638
27 0.453003 0.274577 0.154053 0.179362
34 0.542969 0.35498 0.158203 0.205404
32 0.555054 0.532878 0.161377 0.194661
27 0.610107 0.665202 0.176758 0.211914
32 0.694702 0.778158 0.170166 0.237956
30 0.778442 0.601725 0.178467 0.223633
30 0.681274 0.36849 0.162842 0.236979
