34 0.427409 0.217773 0.119792 0.076172
12 0.54248 0.178223 0.112305 0.057617
6 0.68457 0.205078 0.114583 0.080078
17 0.662435 0.260254 0.087891 0.080566
10 0.751953 0.320312 0.076823 0.080566
17 0.667969 0.327393 0.101562 0.066406
0 0.577799 0.303345 0.082031 0.078857
18 0.544922 0.231201 0.113281 0.052734
3 0.508789 0.296021 0.082682 0.077393
18 0.417318 0.28833 0.11263 0.061035
6 0.333496 0.339844 0.112305 0.070801
25 0.419596 0.35022 0.080729 0.082764
31 0.486491 0.370361 0.078451 0.080566
30 0.559896 0.378174 0.082031 0.085449
2 0.630371 0.388672 0.073893 0.080566
0 0.714193 0.400513 0.101562 0.063721
29 0.813639 0.409424 0.103841 0.067383
27 0.787272 0.468994 0.079753 0.080566
27 0.702637 0.45459 0.111654 0.061523
14 0.611328 0.461182 0.082031 0.084473
0 0.530599 0.472412 0.080078 0.085938
29 0.603516 0.532227 0.113281 0.07666
25 0.69694 0.522827 0.083984 0.082764
5 0.453613 0.438721 0.105143 0.070801
18 0.3514 0.432983 0.116862 0.070068
7 0.249186 0.408569 0.110352 0.061768
1 0.248861 0.486084 0.122721 0.07666
24 0.358073 0.497559 0.113932 0.074707
22 0.302734 0.542847 0.121745 0.074951
22 0.124349 0.504639 0.11263 0.09082
