7 0.252808 0.196452 0.082275 0.122721
18 0.334595 0.280436 0.0896 0.091471
12 0.424072 0.29362 0.075195 0.115234
25 0.604004 0.361979 0.089844 0.102214
31 0.625122 0.227376 0.088135 0.135091
6 0.694702 0.578451 0.07251 0.125
24 0.617798 0.615885 0.084717 0.126302
17 0.569336 0.510579 0.08252 0.119466
1 0.505493 0.481283 0.073486 0.124023
22 0.174683 0.290853 0.090576 0.105794
32 0.293945 0.371745 0.086426 0.119792
25 0.339478 0.444336 0.093018 0.108724
27 0.364746 0.540527 0.096191 0.114258
3 0.287842 0.521484 0.067871 0.106771
18 0.269409 0.650553 0.093018 0.111003
18 0.161255 0.437337 0.0979 0.101237
22 0.125854 0.532389 0.090576 0.117513
8 0.182373 0.808431 0.099609 0.118815
0 0.05603 0.960612 0.091064 0.078125
14 0.376099 0.70638 0.08667 0.090495
16 0.388672 0.826335 0.09375 0.104492
5 0.470459 0.735677 0.066895 0.123047
30 0.491577 0.617513 0.088135 0.123047
12 0.544556 0.659831 0.081787 0.125
34 0.641846 0.740072 0.079102 0.118815
