31 0.392822 0.18278 0.09375 0.117513
27 0.495728 0.25179 0.08667 0.107747
13 0.587769 0.349447 0.083252 0.118815
30 0.61377 0.48877 0.07666 0.117513
13 0.630371 0.652181 0.069336 0.122721
21 0.381348 0.301107 0.077637 0.115234
25 0.437622 0.381348 0.080811 0.124023
19 0.500977 0.340169 0.088867 0.113281
6 0.548584 0.403809 0.086426 0.114258
2 0.319214 0.315267 0.063721 0.106445
7 0.193481 0.341797 0.100342 0.111979
12 0.223145 0.428711 0.084961 0.090495
32 0.302856 0.497559 0.072021 0.11556
16 0.374878 0.48291 0.090576 0.125326
1 0.470947 0.475911 0.088867 0.108724
21 0.536011 0.517741 0.079346 0.120768
11 0.411987 0.592448 0.063721 0.110026
20 0.349731 0.586589 0.075928 0.119792
4 0.567383 0.616374 0.084961 0.120768
8 0.375732 0.728027 0.097168 0.114258
27 0.447754 0.717773 0.070312 0.119792
20 0.509521 0.712402 0.070312 0.125977
23 0.339844 0.799154 0.079102 0.121745
19 0.603516 0.762207 0.088867 0.104492
10 0.497925 0.939453 0.105713 0.120443
