34 0.585449 0.214478 0.188477 0.129639
28 0.841471 0.356079 0.174479 0.13501
29 0.890462 0.524414 0.147461 0.148926
27 0.302897 0.246216 0.187174 0.129639
28 0.496094 0.280762 0.182943 0.141602
30 0.605306 0.405518 0.163086 0.138184
31 0.742513 0.465454 0.149089 0.139404
27 0.581868 0.549805 0.193034 0.106445
31 0.637858 0.687866 0.202799 0.140381
29 0.393555 0.660889 0.198568 0.15625
28 0.167155 0.574829 0.209961 0.158447
31 0.150228 0.456909 0.204102 0.115967
29 0.455078 0.436279 0.191406 0.157227
27 0.359701 0.334961 0.190104 0.126465
