34 0.481771 0.080019 0.048177 0.136364
7 0.427192 0.271544 0.062717 0.112216
12 0.476888 0.500473 0.052734 0.122159
12 0.454536 0.650331 0.055339 0.12358
34 0.500868 0.606534 0.052083 0.119318
23 0.524197 0.440104 0.042318 0.111269
18 0.537109 0.559186 0.046875 0.113636
32 0.551541 0.664062 0.050998 0.116951
1 0.558811 0.339725 0.054688 0.125473
10 0.593641 0.430871 0.0523 0.109848
7 0.589627 0.565104 0.049479 0.119792
27 0.592231 0.714962 0.048177 0.118371
5 0.614692 0.826705 0.053602 0.126894
25 0.634006 0.351326 0.052734 0.102273
24 0.635959 0.562263 0.048828 0.131155
11 0.638997 0.667614 0.054905 0.109848
28 0.645833 0.766572 0.056858 0.11553
30 0.679362 0.689157 0.05013 0.129261
23 0.685655 0.48982 0.057509 0.089489
9 0.703451 0.596591 0.062717 0.107955
31 0.699436 0.800189 0.048177 0.116477
16 0.73763 0.69768 0.057292 0.103693
3 0.700846 0.410748 0.056207 0.086648
20 0.744575 0.466619 0.059462 0.115057
20 0.738607 0.31392 0.057943 0.125
34 0.780056 0.36411 0.05013 0.110795
32 0.885851 0.342566 0.065972 0.111269
18 0.867839 0.680634 0.063802 0.112216
19 0.853082 0.769413 0.05816 0.126894
26 0.881293 0.845407 0.062066 0.106534
15 0.906033 0.787405 0.052083 0.113636
29 0.858941 0.565814 0.05816 0.135417
28 0.909939 0.59517 0.053385 0.116477
9 0.897786 0.463068 0.050347 0.127841
34 0.938151 0.52983 0.053385 0.109848
10 0.926975 0.70786 0.056207 0.118371
16 0.959201 0.607955 0.050781 0.122159
24 0.944444 0.290246 0.062066 0.112689
16 0.947049 0.37571 0.060764 0.122633
13 0.965495 0.443655 0.056858 0.129735
27 0.975043 0.53125 0.044271 0.126894
