21 0.109985 0.318034 0.068604 0.085938
4 0.174683 0.328776 0.067627 0.092448
17 0.244263 0.315918 0.074951 0.081706
8 0.292725 0.415527 0.072754 0.094727
13 0.068115 0.377767 0.062988 0.088216
14 0.138916 0.39502 0.072754 0.070638
28 0.194214 0.494954 0.067627 0.088216
1 0.103882 0.534993 0.067627 0.088216
29 0.168213 0.575684 0.067871 0.091471
5 0.225464 0.641439 0.078369 0.081706
19 0.281738 0.588704 0.057129 0.096029
15 0.345947 0.589355 0.055664 0.088216
23 0.424194 0.59847 0.068604 0.093424
27 0.456299 0.526204 0.077637 0.094727
31 0.477417 0.409017 0.06958 0.101237
1 0.34314 0.667969 0.071045 0.080729
13 0.285767 0.722819 0.070068 0.075195
19 0.338257 0.744466 0.056396 0.085938
20 0.394775 0.755208 0.071777 0.079427
6 0.541626 0.43571 0.066162 0.073893
16 0.595337 0.406901 0.061279 0.090495
32 0.624756 0.508952 0.083984 0.086263
30 0.55188 0.542643 0.076904 0.098958
7 0.519653 0.631022 0.051514 0.096029
21 0.586914 0.664551 0.075195 0.111003
29 0.709717 0.675944 0.070312 0.101237
11 0.448608 0.751465 0.058838 0.099935
20 0.305298 0.88265 0.057373 0.097982
12 0.410278 0.833333 0.078369 0.090495
27 0.385132 0.889323 0.088135 0.080729
31 0.483887 0.889811 0.074219 0.083659
2 0.504639 0.792806 0.060547 0.104492
10 0.597412 0.81429 0.084961 0.078451
25 0.647461 0.731934 0.083984 0.089518
18 0.878174 0.858236 0.086426 0.088216
22 0.924194 0.783529 0.093994 0.116536
1 0.958008 0.876302 0.081543 0.082682
