7 0.412435 0.221354 0.057943 0.078125
1 0.459093 0.258759 0.04362 0.103693
25 0.497938 0.200758 0.055339 0.090909
3 0.546549 0.192472 0.052734 0.09233
20 0.581489 0.089252 0.056641 0.117898
29 0.604167 0.183949 0.049479 0.112216
5 0.649523 0.117188 0.053385 0.128314
3 0.678385 0.174006 0.050781 0.120739
19 0.709093 0.19839 0.051432 0.126894
21 0.709527 0.050189 0.057075 0.101326
6 0.818793 0.322443 0.055556 0.119318
8 0.847439 0.267992 0.054688 0.122159
23 0.853733 0.436553 0.054253 0.121212
6 0.963867 0.400805 0.058811 0.120739
2 0.962565 0.533381 0.060113 0.119792
32 0.91059 0.601562 0.057292 0.09233
29 0.903646 0.695549 0.056858 0.09375
21 0.860243 0.532197 0.05816 0.096591
17 0.866211 0.616477 0.05013 0.085227
31 0.853407 0.693419 0.053602 0.09233
10 0.822157 0.600142 0.04362 0.115057
30 0.800456 0.46804 0.052734 0.09233
1 0.778429 0.368371 0.053385 0.122159
21 0.718533 0.31392 0.052083 0.125
27 0.74349 0.407197 0.050781 0.113636
31 0.631076 0.246449 0.044271 0.108428
13 0.664714 0.305161 0.045573 0.128314
34 0.676107 0.41572 0.056641 0.116477
9 0.625217 0.359848 0.053385 0.127841
16 0.563043 0.262311 0.052734 0.110795
34 0.518663 0.306818 0.05599 0.113636
29 0.569336 0.349905 0.056207 0.105114
20 0.48253 0.382812 0.058811 0.11411
23 0.534831 0.395597 0.047526 0.122633
28 0.592231 0.424953 0.048177 0.112216
10 0.644965 0.499053 0.053385 0.125
9 0.564996 0.483191 0.054036 0.11411
10 0.442057 0.433712 0.060764 0.112689
7 0.493707 0.494555 0.048177 0.133996
24 0.531467 0.511837 0.05816 0.122159
23 0.401259 0.49053 0.056858 0.105114
12 0.353624 0.522017 0.054905 0.111269
34 0.430556 0.563684 0.048177 0.122633
18 0.459418 0.525568 0.048177 0.112689
12 0.407552 0.647491 0.044271 0.115057
32 0.463433 0.626657 0.0523 0.108428
11 0.506402 0.602983 0.044922 0.120739
30 0.550239 0.598011 0.0523 0.099432
16 0.603407 0.54143 0.060113 0.117898
28 0.631402 0.577178 0.047526 0.11553
18 0.591363 0.641098 0.056858 0.105114
27 0.483724 0.701941 0.046875 0.115057
28 0.529839 0.728456 0.053602 0.119792
16 0.559787 0.684896 0.054036 0.112216
31 0.559462 0.829782 0.040365 0.106534
5 0.509766 0.849669 0.056858 0.098011
26 0.574002 0.951705 0.057726 0.095644
22 0.6824 0.913826 0.054905 0.09375
14 0.702474 0.492661 0.060764 0.109375
18 0.703776 0.602273 0.055556 0.105114
25 0.736979 0.564394 0.05599 0.121212
4 0.751736 0.669744 0.055556 0.108428
12 0.782986 0.597301 0.050781 0.12642
15 0.802083 0.706203 0.050781 0.09517
