28 0.383789 0.181803 0.152344 0.18457
29 0.459961 0.304525 0.14502 0.176107
34 0.54895 0.194173 0.158936 0.185872
30 0.643799 0.344076 0.148438 0.207682
30 0.620239 0.550781 0.118896 0.204427
27 0.562134 0.80127 0.11499 0.189128
29 0.317505 0.320801 0.130615 0.195638
27 0.367554 0.437337 0.131104 0.19694
31 0.51001 0.417155 0.13623 0.215169
34 0.519287 0.617513 0.115723 0.194661
27 0.430298 0.800293 0.124756 0.206706
31 0.35498 0.603353 0.154785 0.183919
29 0.265869 0.715007 0.142578 0.198893
28 0.247925 0.493164 0.119873 0.193359
