16 0.055176 0.167603 0.110352 0.059326
10 0.121419 0.238525 0.115234 0.086914
27 0.337728 0.038086 0.099284 0.071289
7 0.466146 0.086304 0.088542 0.092041
13 0.527995 0.026611 0.103516 0.050781
21 0.559082 0.086548 0.083659 0.072021
34 0.640462 0.076294 0.104492 0.062256
32 0.649577 0.025269 0.102539 0.044678
25 0.736654 0.053467 0.102865 0.064453
30 0.829264 0.040771 0.083008 0.072266
8 0.902018 0.050781 0.080729 0.084961
24 0.83903 0.106445 0.102539 0.071289
2 0.735189 0.108032 0.110352 0.067139
28 0.52832 0.153076 0.107422 0.070312
26 0.641602 0.136475 0.103516 0.074219
16 0.678874 0.171997 0.105794 0.070068
18 0.792643 0.172241 0.095052 0.079346
23 0.869792 0.190186 0.088542 0.084961
17 0.744629 0.216797 0.091471 0.083984
28 0.672038 0.237061 0.105143 0.080078
11 0.581217 0.232422 0.078451 0.080566
19 0.728353 0.426514 0.080404 0.080078
27 0.704427 0.49707 0.108073 0.071289
13 0.834798 0.475586 0.116862 0.07959
1 0.940267 0.48938 0.092122 0.074463
5 0.625326 0.528198 0.085938 0.079346
10 0.519368 0.542114 0.112305 0.078857
6 0.445475 0.585693 0.097982 0.08252
30 0.292155 0.570557 0.122721 0.070801
12 0.22168 0.647583 0.114583 0.05542
12 0.327637 0.647583 0.108398 0.057861
17 0.433594 0.654053 0.108724 0.072754
29 0.569173 0.615601 0.099284 0.078369
20 0.760254 0.541504 0.099284 0.077637
1 0.860677 0.527832 0.095052 0.075684
29 0.9139 0.580566 0.091471 0.079102
19 0.67806 0.583252 0.107422 0.075684
31 0.798503 0.599609 0.09375 0.07666
8 0.662598 0.655396 0.11556 0.073486
31 0.500488 0.692749 0.09668 0.083252
23 0.606445 0.694458 0.107422 0.074463
4 0.562337 0.743896 0.112956 0.07666
14 0.660156 0.746216 0.101562 0.082764
17 0.742839 0.713501 0.103516 0.084229
2 0.803223 0.674438 0.099935 0.083252
19 0.862956 0.654053 0.096354 0.08252
28 0.947917 0.679565 0.08724 0.081787
15 0.857096 0.739502 0.095052 0.087402
13 0.925456 0.792725 0.107422 0.066895
21 0.715007 0.798462 0.109049 0.078369
