34 0.144531 0.282715 0.12793 0.143555
31 0.086792 0.436849 0.124756 0.184896
29 0.134033 0.527344 0.141113 0.17513
28 0.180054 0.666829 0.156494 0.187174
27 0.310181 0.513346 0.155029 0.151042
28 0.355347 0.706543 0.147705 0.140299
34 0.437134 0.580566 0.148193 0.198893
31 0.397217 0.334798 0.159668 0.18457
29 0.263794 0.283203 0.140381 0.17513
28 0.518921 0.443848 0.158936 0.183919
29 0.601562 0.577311 0.149902 0.216471
27 0.66748 0.421549 0.167969 0.20638
30 0.702515 0.280436 0.16626 0.195638
30 0.850464 0.729329 0.171143 0.250977
