2 0.13562 0.286947 0.080811 0.104492
23 0.040405 0.289714 0.080811 0.085938
5 0.057495 0.376628 0.085693 0.085938
0 0.175537 0.507324 0.072754 0.106445
7 0.066406 0.488932 0.08252 0.10026
24 0.025757 0.611003 0.050049 0.098958
34 0.079834 0.61263 0.075195 0.106771
4 0.066895 0.722168 0.091309 0.104492
34 0.4375 0.50293 0.072754 0.106771
24 0.514404 0.541016 0.07666 0.082682
16 0.517334 0.224772 0.074219 0.107747
5 0.523315 0.347819 0.083252 0.099935
12 0.523804 0.453613 0.071045 0.099284
30 0.576294 0.42806 0.070068 0.09375
17 0.594604 0.557292 0.077393 0.126302
6 0.496582 0.633789 0.081543 0.098958
1 0.643066 0.505046 0.080078 0.111003
14 0.586914 0.265462 0.070312 0.104492
27 0.685303 0.331055 0.06543 0.111979
18 0.672363 0.181315 0.060547 0.105469
22 0.833008 0.091146 0.08252 0.111979
18 0.869995 0.173665 0.063721 0.114258
22 0.957886 0.257161 0.068604 0.103516
3 0.738647 0.266927 0.084229 0.098958
32 0.833008 0.344564 0.074219 0.106445
25 0.759766 0.352214 0.083984 0.08724
18 0.86731 0.441081 0.085693 0.106771
12 0.803711 0.522461 0.09375 0.106771
25 0.665771 0.667318 0.066895 0.111979
31 0.734131 0.765137 0.084961 0.094727
