31 0.254028 0.249186 0.08667 0.091471
7 0.24707 0.329427 0.079102 0.106771
2 0.338257 0.34082 0.087158 0.090495
12 0.304443 0.414551 0.081543 0.083659
32 0.294312 0.49821 0.087158 0.114258
13 0.171875 0.546875 0.07666 0.105469
1 0.230469 0.549154 0.075195 0.105469
6 0.277954 0.597982 0.066162 0.110026
25 0.42041 0.375488 0.077637 0.112305
21 0.512329 0.265299 0.071045 0.115234
19 0.529907 0.366211 0.065186 0.095703
16 0.4823 0.422689 0.071045 0.111003
30 0.350464 0.552897 0.084229 0.111003
27 0.325195 0.692871 0.083984 0.12207
20 0.391479 0.648438 0.083252 0.108724
20 0.431396 0.573405 0.075195 0.111003
19 0.483887 0.630046 0.083984 0.117513
23 0.37085 0.774902 0.083984 0.114258
31 0.504272 0.702148 0.079346 0.110026
10 0.553101 0.603353 0.066162 0.10319
29 0.612061 0.640299 0.066895 0.103516
8 0.60437 0.746582 0.07251 0.099284
11 0.201172 0.920247 0.091309 0.125
27 0.590454 0.397135 0.080811 0.090495
