14 0.521376 0.206203 0.065321 0.165246
13 0.558377 0.06179 0.075087 0.124527
0 0.576172 0.247159 0.077691 0.141098
23 0.642904 0.242188 0.069227 0.153883
21 0.663954 0.13518 0.069227 0.161458
8 0.70931 0.095881 0.062717 0.159564
22 0.769857 0.219934 0.062717 0.152936
16 0.723199 0.24858 0.060113 0.14678
4 0.873806 0.178504 0.07053 0.138258
15 0.905273 0.292377 0.073134 0.102746
27 0.83138 0.275331 0.073785 0.153883
17 0.531141 0.356771 0.071832 0.14536
30 0.603733 0.32268 0.069878 0.151042
24 0.648438 0.40767 0.063368 0.14678
2 0.691623 0.358428 0.070747 0.157197
6 0.474935 0.418087 0.0727 0.135417
25 0.419705 0.500473 0.073785 0.154356
10 0.476888 0.544034 0.070095 0.149621
34 0.399957 0.639441 0.078993 0.142519
28 0.439128 0.733428 0.064019 0.14678
18 0.510742 0.589252 0.066623 0.153883
32 0.546332 0.446733 0.067925 0.112216
25 0.606771 0.493134 0.057292 0.151042
30 0.568359 0.554214 0.062066 0.150095
30 0.604167 0.678977 0.054688 0.143939
29 0.67513 0.557055 0.072049 0.161458
12 0.547309 0.682528 0.065972 0.14536
7 0.493598 0.753078 0.062717 0.131155
10 0.494249 0.903646 0.065321 0.125473
23 0.54796 0.828835 0.060764 0.139678
28 0.600152 0.790956 0.069227 0.112216
3 0.600477 0.887074 0.067274 0.09233
23 0.609918 0.964015 0.067491 0.071023
18 0.760959 0.435843 0.070095 0.17661
19 0.813585 0.375 0.076389 0.152462
29 0.867513 0.435843 0.059245 0.159564
32 0.833659 0.549242 0.071832 0.127841
8 0.884549 0.612453 0.05816 0.153883
17 0.94477 0.546875 0.073134 0.149621
31 0.941515 0.65767 0.078342 0.152462
19 0.97309 0.762074 0.053385 0.151989
0 0.938585 0.412169 0.075087 0.120739
