34 0.262207 0.255534 0.114258 0.193359
29 0.377319 0.217611 0.145752 0.161133
27 0.500977 0.341797 0.160645 0.207682
30 0.634888 0.369466 0.153076 0.223958
30 0.546143 0.537598 0.133789 0.202148
27 0.627075 0.752116 0.14917 0.172852
32 0.485962 0.694987 0.128662 0.20638
27 0.384644 0.687988 0.123291 0.198893
31 0.435059 0.521484 0.141113 0.191406
34 0.368774 0.371094 0.145264 0.149089
34 0.171387 0.447754 0.155762 0.182617
29 0.293091 0.55778 0.127197 0.194336
28 0.260864 0.746582 0.144287 0.19043
31 0.111572 0.5861 0.130371 0.172852
29 0.16333 0.696615 0.137695 0.190104
