16 0.050293 0.124146 0.097982 0.056885
10 0.110026 0.191406 0.110026 0.08252
7 0.434408 0.068726 0.079753 0.08374
21 0.515788 0.071655 0.073242 0.064697
34 0.589193 0.061279 0.095703 0.060547
2 0.68571 0.092529 0.092122 0.062988
24 0.769531 0.078979 0.089193 0.064209
8 0.837891 0.042358 0.08724 0.077881
27 0.489421 0.130005 0.098633 0.064209
26 0.59375 0.114746 0.089193 0.066406
16 0.624186 0.148926 0.09668 0.060059
18 0.728516 0.153564 0.082031 0.075684
23 0.798177 0.174194 0.080078 0.078857
17 0.68278 0.191284 0.086263 0.08374
27 0.614095 0.207275 0.09082 0.074707
11 0.534505 0.20166 0.073568 0.076172
20 0.547526 0.358398 0.103516 0.080566
19 0.655273 0.382812 0.083333 0.076172
30 0.254557 0.5 0.11263 0.067383
12 0.187337 0.568359 0.103841 0.05127
21 0.280111 0.569336 0.091471 0.056641
17 0.37972 0.578857 0.102539 0.070312
6 0.39502 0.51709 0.09082 0.077637
10 0.463216 0.47937 0.094401 0.072021
5 0.559082 0.466919 0.084961 0.074951
27 0.631836 0.444092 0.10026 0.061035
20 0.67985 0.486694 0.097982 0.063721
19 0.609375 0.524414 0.095703 0.062988
29 0.503092 0.548462 0.083008 0.069092
8 0.587402 0.587036 0.099284 0.068115
31 0.440755 0.613159 0.101562 0.078857
23 0.53776 0.618286 0.102865 0.072021
4 0.490723 0.661499 0.110352 0.073486
31 0.709961 0.539795 0.088542 0.07666
13 0.758626 0.432129 0.097982 0.060059
1 0.8514 0.444946 0.092122 0.07251
1 0.773926 0.47583 0.092122 0.067871
29 0.818197 0.526855 0.084961 0.071289
19 0.775716 0.589478 0.075521 0.074951
2 0.718587 0.608032 0.086914 0.073975
8 0.658203 0.63916 0.096354 0.071289
14 0.585124 0.668457 0.09668 0.07666
21 0.632161 0.718994 0.100911 0.071289
15 0.762858 0.667114 0.085612 0.072998
28 0.851237 0.61853 0.082031 0.071533
13 0.822754 0.719116 0.097331 0.054443
