29 0.122192 0.097168 0.074951 0.078451
10 0.194946 0.154134 0.066162 0.09668
3 0.239746 0.104167 0.069336 0.083984
27 0.248047 0.035482 0.074219 0.071615
29 0.35022 0.044759 0.070068 0.090169
9 0.527954 0.169271 0.071045 0.092448
19 0.305664 0.374837 0.069336 0.097982
3 0.247925 0.156901 0.074463 0.089193
8 0.25647 0.240885 0.074951 0.098958
17 0.188599 0.23112 0.066162 0.085938
23 0.133179 0.198568 0.071045 0.085938
6 0.139282 0.290853 0.072021 0.070638
29 0.206421 0.303874 0.074463 0.081706
5 0.152344 0.584798 0.060547 0.088216
26 0.318726 0.568197 0.057861 0.091471
28 0.369629 0.499186 0.06543 0.081706
24 0.421631 0.500814 0.057129 0.089518
15 0.478149 0.505208 0.066162 0.069661
2 0.547485 0.498698 0.071045 0.080729
28 0.30127 0.652181 0.052246 0.092773
21 0.373169 0.582194 0.071045 0.078451
10 0.442017 0.622884 0.049072 0.094727
9 0.335449 0.755697 0.07666 0.091471
28 0.489624 0.582194 0.07251 0.078451
28 0.634521 0.406413 0.077637 0.091471
23 0.764648 0.347331 0.074219 0.083984
11 0.704102 0.399251 0.070312 0.094727
13 0.662231 0.507975 0.066162 0.101237
2 0.768799 0.19043 0.067871 0.108724
5 0.843994 0.242025 0.071777 0.101237
0 0.94458 0.173177 0.083984 0.08724
7 0.919678 0.313639 0.07666 0.109701
34 0.876221 0.425944 0.077637 0.099935
14 0.815063 0.437826 0.066162 0.09375
26 0.758179 0.432454 0.071045 0.097982
22 0.765869 0.567546 0.060547 0.090169
4 0.750488 0.668945 0.062012 0.102214
34 0.825806 0.628418 0.080811 0.107747
26 0.832642 0.528483 0.08667 0.092773
32 0.904297 0.56429 0.080078 0.086263
30 0.906738 0.644043 0.086426 0.083008
9 0.865967 0.710286 0.084961 0.10026
15 0.949097 0.728678 0.083252 0.083008
11 0.93396 0.496582 0.067627 0.097982
