6 0.085124 0.488281 0.113607 0.083008
31 0.225098 0.523315 0.105143 0.063721
25 0.222493 0.421387 0.073893 0.083008
34 0.350423 0.288208 0.089518 0.084229
18 0.486979 0.313599 0.099609 0.079834
17 0.566895 0.344482 0.097982 0.069336
12 0.51237 0.162354 0.102214 0.07666
24 0.919434 0.220337 0.097982 0.073486
30 0.836589 0.324829 0.09375 0.07251
18 0.917318 0.366699 0.09375 0.064941
1 0.853516 0.420898 0.085286 0.077637
22 0.940592 0.459106 0.089518 0.056396
22 0.806152 0.5271 0.075195 0.075684
7 0.540853 0.590698 0.09082 0.075439
18 0.465169 0.373169 0.083984 0.073486
3 0.542155 0.418701 0.09082 0.064941
