25 0.522569 0.421638 0.086372 0.151042
34 0.518663 0.590672 0.087674 0.156723
28 0.572917 0.69697 0.060764 0.168561
7 0.638672 0.692708 0.078993 0.157197
10 0.589735 0.455966 0.071832 0.179924
6 0.571832 0.306108 0.082465 0.172822
17 0.616319 0.133759 0.081597 0.175663
32 0.643663 0.232008 0.082465 0.182765
30 0.695855 0.348248 0.07921 0.128314
18 0.641602 0.491241 0.067925 0.189867
12 0.690321 0.580019 0.079861 0.180871
30 0.6824 0.076941 0.08355 0.142519
24 0.757595 0.153172 0.06467 0.17661
25 0.708008 0.1991 0.074436 0.173769
30 0.779405 0.303977 0.071398 0.185606
28 0.781359 0.445786 0.090929 0.156723
3 0.767904 0.568655 0.091797 0.152462
2 0.824436 0.194839 0.073351 0.182292
16 0.853624 0.079309 0.084418 0.150095
24 0.839627 0.551373 0.079861 0.187027
13 0.849067 0.791667 0.08572 0.188447
23 0.770182 0.705019 0.085503 0.138258
23 0.707682 0.763021 0.062066 0.17661
10 0.649523 0.87642 0.085069 0.160038
