28 0.254883 0.333374 0.173177 0.172119
27 0.127604 0.507446 0.238281 0.153076
31 0.355306 0.525879 0.229492 0.15625
28 0.312988 0.637451 0.254883 0.154297
29 0.537272 0.622559 0.225586 0.184082
29 0.622233 0.776978 0.22819 0.191162
31 0.808919 0.626831 0.239583 0.156494
30 0.694987 0.493164 0.240885 0.137207
27 0.891927 0.435547 0.215495 0.124023
29 0.644857 0.369873 0.191406 0.15625
27 0.477865 0.401733 0.214193 0.133057
28 0.399902 0.284546 0.185872 0.157471
31 0.572754 0.252686 0.22819 0.13623
34 0.446615 0.154907 0.208333 0.110596
