26 0.102051 0.067505 0.116211 0.079834
3 0.202474 0.099731 0.110677 0.080811
9 0.299316 0.049194 0.117513 0.072998
10 0.376139 0.098511 0.106445 0.063721
23 0.31071 0.15564 0.107096 0.06665
28 0.208333 0.182495 0.090495 0.084229
12 0.305664 0.213013 0.11263 0.063232
3 0.40446 0.162964 0.079753 0.081299
32 0.484375 0.150879 0.082031 0.085449
34 0.399902 0.23877 0.090169 0.077637
7 0.471842 0.228271 0.079753 0.084961
30 0.557292 0.246948 0.099609 0.090576
16 0.674805 0.241943 0.091797 0.085938
17 0.745931 0.285645 0.073893 0.085938
10 0.777995 0.210327 0.104818 0.072998
27 0.676595 0.333252 0.106445 0.072266
6 0.131999 0.303223 0.09668 0.08252
7 0.215983 0.268555 0.114909 0.075684
18 0.307943 0.284424 0.082031 0.085938
18 0.272786 0.348877 0.110026 0.071777
25 0.394694 0.307739 0.102539 0.058838
21 0.493001 0.302612 0.102539 0.052002
32 0.537272 0.352905 0.101888 0.055908
6 0.441243 0.367432 0.088216 0.078125
27 0.526042 0.403442 0.104818 0.049072
0 0.401042 0.4375 0.094401 0.082031
1 0.34196 0.501587 0.098633 0.084229
22 0.209147 0.550781 0.112956 0.083496
22 0.314779 0.608643 0.117188 0.08252
30 0.426758 0.633423 0.085286 0.072998
31 0.422363 0.556152 0.097331 0.076172
3 0.483887 0.465088 0.08431 0.078125
2 0.514974 0.539429 0.08724 0.077881
25 0.586914 0.46167 0.091797 0.079102
29 0.609538 0.534668 0.093424 0.078613
14 0.572266 0.599609 0.10026 0.054199
0 0.546061 0.651611 0.112956 0.061523
5 0.443848 0.706421 0.103841 0.063232
24 0.431315 0.775879 0.108073 0.068359
