21 0.305634 0.166775 0.096117 0.041016
20 0.375 0.18457 0.096591 0.04145
8 0.477036 0.14247 0.072443 0.043186
4 0.586174 0.145074 0.095644 0.041016
5 0.473248 0.1824 0.072443 0.047526
0 0.558712 0.189236 0.09375 0.040365
8 0.62571 0.168186 0.089489 0.036892
23 0.717566 0.169054 0.098011 0.033854
1 0.648911 0.202474 0.087595 0.032986
29 0.71946 0.207357 0.067708 0.04362
0 0.786932 0.212348 0.072917 0.04796
6 0.303504 0.203993 0.100379 0.044705
7 0.436553 0.214844 0.09375 0.043403
15 0.54143 0.220812 0.094223 0.03928
18 0.379498 0.23253 0.101799 0.04362
2 0.629735 0.23253 0.094697 0.035373
32 0.711884 0.244032 0.089489 0.031467
21 0.274621 0.233724 0.096591 0.042969
21 0.233428 0.270074 0.088068 0.045356
23 0.322917 0.259115 0.094697 0.039062
6 0.839252 0.246419 0.10464 0.04145
20 0.343277 0.292969 0.099432 0.041233
25 0.269886 0.312826 0.096591 0.037109
22 0.142282 0.31174 0.080966 0.043186
25 0.153646 0.348416 0.097064 0.034939
3 0.400095 0.278103 0.080492 0.045356
3 0.450521 0.260851 0.089489 0.044705
3 0.505208 0.242947 0.085227 0.043186
34 0.620265 0.267253 0.083333 0.045356
1 0.560843 0.278103 0.08286 0.04362
1 0.490294 0.291124 0.090436 0.036675
31 0.438684 0.315864 0.094223 0.040582
7 0.382812 0.330946 0.088542 0.041233
4 0.328362 0.344401 0.081913 0.044271
19 0.258049 0.35319 0.094697 0.042752
19 0.220407 0.375217 0.094223 0.044271
18 0.159091 0.387695 0.090909 0.04362
30 0.690104 0.284722 0.070549 0.039931
7 0.750473 0.276042 0.067235 0.043837
4 0.83286 0.280599 0.098485 0.045139
29 0.549953 0.320855 0.068655 0.042318
27 0.616004 0.313802 0.068182 0.045139
17 0.68892 0.31977 0.087121 0.036675
28 0.762784 0.314779 0.073864 0.043186
0 0.853456 0.314019 0.094223 0.035156
27 0.493608 0.345812 0.097064 0.044922
27 0.426136 0.360135 0.098485 0.038845
26 0.301373 0.387587 0.093277 0.043837
25 0.173059 0.429362 0.098011 0.037109
10 0.09446 0.409831 0.068655 0.04579
23 0.079782 0.467882 0.11411 0.042101
29 0.306818 0.422635 0.100379 0.041016
24 0.2384 0.451606 0.098958 0.046007
10 0.058002 0.505208 0.08286 0.044705
31 0.381629 0.397027 0.082386 0.047526
28 0.458097 0.392144 0.071496 0.046007
11 0.525568 0.386068 0.079545 0.046875
11 0.587121 0.393555 0.07197 0.046224
2 0.651042 0.397352 0.077652 0.046875
17 0.762547 0.358398 0.076231 0.04362
2 0.839252 0.351454 0.076231 0.044054
8 0.902462 0.340712 0.076705 0.044705
9 0.750947 0.392144 0.095644 0.036458
5 0.84375 0.3852 0.094697 0.037326
16 0.713305 0.41645 0.103693 0.038628
11 0.878078 0.41135 0.097064 0.032769
30 0.422348 0.432726 0.100379 0.038628
31 0.502841 0.442491 0.09375 0.044271
29 0.591619 0.43023 0.09517 0.034071
28 0.349669 0.473633 0.098958 0.043186
34 0.262547 0.509223 0.098011 0.04362
23 0.185606 0.546658 0.076705 0.040365
22 0.114347 0.58214 0.101799 0.03928
24 0.293324 0.554145 0.088542 0.042752
32 0.371449 0.50944 0.096117 0.039714
30 0.365294 0.551432 0.088542 0.046007
13 0.493371 0.478407 0.088068 0.031033
34 0.565341 0.46799 0.071023 0.040148
32 0.672348 0.444661 0.071023 0.043837
26 0.760417 0.449002 0.09375 0.036024
15 0.843513 0.4426 0.093277 0.033203
19 0.935133 0.431424 0.088068 0.035156
34 0.953362 0.456489 0.075284 0.034939
9 0.878078 0.474392 0.087595 0.043403
31 0.646307 0.475369 0.096591 0.037977
12 0.732718 0.479818 0.093277 0.03559
15 0.813684 0.495768 0.088542 0.034939
22 0.91643 0.504449 0.090436 0.041016
16 0.950758 0.529297 0.081439 0.041233
10 0.858191 0.53418 0.098011 0.036675
26 0.782907 0.532227 0.070549 0.043186
32 0.721828 0.507921 0.090436 0.034071
27 0.644176 0.511719 0.074337 0.044271
13 0.577888 0.50727 0.070549 0.038411
17 0.496686 0.506944 0.10322 0.031684
14 0.495739 0.54286 0.099432 0.044488
15 0.590672 0.541667 0.096117 0.032986
18 0.570076 0.571615 0.102273 0.02908
12 0.607718 0.602973 0.072443 0.03928
9 0.683949 0.624457 0.08286 0.046224
24 0.753314 0.590929 0.07197 0.039931
20 0.811553 0.614149 0.086174 0.045139
15 0.872396 0.641819 0.084754 0.042752
16 0.564157 0.639974 0.083807 0.046875
12 0.478456 0.641602 0.089489 0.040582
13 0.440578 0.609375 0.09517 0.046441
14 0.541903 0.672635 0.093277 0.036675
28 0.881392 0.5727 0.100852 0.044271
