1 0.253174 0.120443 0.084961 0.085938
14 0.369995 0.076009 0.077393 0.109701
4 0.439575 0.074382 0.070068 0.11556
17 0.495239 0.15625 0.066162 0.111979
8 0.458374 0.278971 0.068604 0.105469
28 0.34021 0.202962 0.068604 0.109701
29 0.266235 0.230632 0.081787 0.083008
5 0.261719 0.341309 0.08252 0.097982
19 0.335449 0.384115 0.081543 0.111979
15 0.374878 0.461751 0.087158 0.096029
13 0.238892 0.472656 0.066162 0.102214
19 0.262085 0.555013 0.068604 0.106771
1 0.322021 0.518229 0.079102 0.108724
20 0.146973 0.594727 0.087402 0.123047
23 0.417969 0.565918 0.062988 0.097982
27 0.488037 0.558919 0.05957 0.110026
31 0.584839 0.511556 0.07251 0.117513
6 0.609253 0.609375 0.075928 0.108724
16 0.665039 0.654785 0.081543 0.111003
20 0.293091 0.630534 0.072021 0.103516
11 0.333862 0.700033 0.083252 0.094727
12 0.248291 0.696126 0.057129 0.099935
27 0.191772 0.703125 0.057861 0.105469
31 0.259644 0.820964 0.088135 0.10026
2 0.338745 0.793132 0.078369 0.094727
7 0.455933 0.706543 0.088135 0.114258
30 0.540527 0.687988 0.091309 0.114258
32 0.61499 0.751953 0.08252 0.110026
21 0.472534 0.812826 0.075928 0.116536
19 0.215332 0.92513 0.087402 0.115234
8 0.300781 0.895833 0.077637 0.108724
10 0.383423 0.922852 0.088135 0.115234
25 0.465942 0.927246 0.085693 0.104492
29 0.548218 0.946777 0.096924 0.104492
