34 0.162476 0.279948 0.129639 0.194661
29 0.272339 0.335775 0.140869 0.176107
31 0.082397 0.385742 0.141846 0.178385
29 0.13562 0.495931 0.14917 0.172852
28 0.194214 0.610352 0.144287 0.154297
28 0.289429 0.728027 0.119873 0.179362
34 0.309814 0.489421 0.137695 0.185872
34 0.398071 0.600098 0.150146 0.185872
29 0.432739 0.788411 0.158936 0.180339
31 0.523071 0.687988 0.154053 0.183919
27 0.668213 0.807943 0.14502 0.217448
30 0.621826 0.602214 0.174316 0.181641
27 0.627563 0.397786 0.156494 0.20638
30 0.670288 0.24528 0.167236 0.200846
29 0.521729 0.487793 0.14502 0.191081
28 0.438354 0.401042 0.14917 0.160807
31 0.379761 0.270833 0.128174 0.191406
