0 0.196289 0.114421 0.081543 0.111003
24 0.280151 0.112467 0.083252 0.117513
34 0.454712 0.208984 0.095459 0.10026
4 0.529907 0.147135 0.079834 0.121745
16 0.609619 0.316895 0.075195 0.125326
20 0.790771 0.597982 0.079102 0.125
15 0.568481 0.593587 0.080811 0.077148
31 0.589355 0.459473 0.062012 0.111003
34 0.232422 0.194824 0.083984 0.093424
5 0.201538 0.299967 0.075928 0.111003
7 0.260132 0.266927 0.077393 0.090495
23 0.292358 0.332682 0.083252 0.10026
26 0.328979 0.381999 0.088135 0.107747
14 0.388306 0.430176 0.081787 0.084961
11 0.484253 0.416178 0.088135 0.104492
32 0.5177 0.324382 0.088135 0.107747
11 0.260498 0.444499 0.084961 0.091471
13 0.317505 0.480306 0.063721 0.104492
26 0.374146 0.523112 0.085693 0.090495
30 0.440063 0.564941 0.090576 0.097982
32 0.456665 0.486816 0.083252 0.084961
15 0.522583 0.494303 0.073486 0.112956
28 0.214478 0.530111 0.090576 0.109049
2 0.166138 0.626139 0.091553 0.120768
22 0.276733 0.620768 0.088135 0.110026
34 0.365967 0.610514 0.092285 0.091471
4 0.36792 0.688639 0.086426 0.091471
9 0.479126 0.667318 0.090576 0.123047
2 0.047241 0.803548 0.093018 0.099935
