22 0.471354 0.09021 0.127604 0.091553
30 0.53304 0.161987 0.131836 0.086182
31 0.644043 0.134766 0.088216 0.095703
30 0.686523 0.210693 0.119141 0.09668
24 0.363118 0.131714 0.129232 0.074463
5 0.372396 0.201782 0.139323 0.091553
25 0.581868 0.242554 0.130534 0.107666
0 0.354655 0.312622 0.123372 0.103271
14 0.453125 0.320068 0.119141 0.105469
29 0.540202 0.309448 0.114909 0.096924
17 0.830892 0.320557 0.130534 0.09375
23 0.797689 0.376831 0.135091 0.093506
8 0.729004 0.442749 0.116211 0.091553
13 0.707194 0.522339 0.131836 0.078857
19 0.765137 0.594482 0.125977 0.089355
21 0.584635 0.541382 0.116536 0.102295
14 0.62207 0.452759 0.134766 0.071533
4 0.499837 0.427856 0.116211 0.104248
27 0.343424 0.406006 0.128906 0.099121
12 0.281087 0.464355 0.140299 0.088379
12 0.46224 0.632202 0.143229 0.092529
