0 0.325562 0.08138 0.063721 0.111979
9 0.38501 0.065755 0.07666 0.089193
15 0.447266 0.056478 0.054688 0.112305
2 0.530151 0.045247 0.091064 0.091146
29 0.380615 0.2264 0.067871 0.111003
29 0.242554 0.234375 0.093018 0.110026
30 0.185669 0.327311 0.083252 0.117513
27 0.20813 0.437337 0.085693 0.079753
14 0.067261 0.372233 0.090576 0.10319
1 0.115234 0.423828 0.088867 0.095703
17 0.222656 0.574056 0.08252 0.083659
3 0.282837 0.46224 0.080811 0.105469
23 0.304443 0.548503 0.084961 0.102214
29 0.328125 0.716797 0.089844 0.082682
10 0.326782 0.410807 0.085693 0.106771
17 0.381348 0.489909 0.087402 0.106771
3 0.364258 0.333171 0.087402 0.109701
8 0.403809 0.399414 0.081543 0.111979
19 0.449829 0.303385 0.066162 0.10026
28 0.518921 0.289225 0.074463 0.11556
6 0.47168 0.409668 0.072754 0.111003
28 0.516113 0.479655 0.071777 0.112305
24 0.575806 0.391276 0.085693 0.10026
21 0.588989 0.485026 0.080811 0.077474
10 0.658447 0.416829 0.081543 0.101237
9 0.693481 0.514323 0.067139 0.105469
28 0.607666 0.559896 0.087402 0.077474
26 0.523071 0.580566 0.085693 0.107747
5 0.46521 0.649902 0.084229 0.094727
