23 0.55603 0.117188 0.063721 0.123047
5 0.623047 0.213867 0.069336 0.125
2 0.684082 0.203451 0.067871 0.102214
0 0.77002 0.255046 0.086426 0.120768
7 0.649048 0.349447 0.085693 0.118815
34 0.707642 0.446126 0.080811 0.114258
24 0.574341 0.45752 0.061279 0.111003
11 0.544556 0.566406 0.076904 0.123047
13 0.65564 0.568685 0.085693 0.110026
14 0.487183 0.362956 0.082275 0.095703
22 0.494507 0.221842 0.067627 0.117513
26 0.553467 0.270182 0.081543 0.090495
4 0.404907 0.321126 0.071045 0.114258
32 0.423706 0.442708 0.066162 0.11849
34 0.502686 0.444987 0.079102 0.092448
26 0.330933 0.365723 0.074463 0.116211
34 0.317871 0.46224 0.08252 0.103516
30 0.36792 0.526204 0.07666 0.107747
32 0.475464 0.565918 0.073486 0.106445
15 0.400513 0.604492 0.078369 0.110026
20 0.45459 0.71403 0.077637 0.122721
16 0.519775 0.671712 0.08252 0.088216
31 0.371948 0.696777 0.083252 0.114258
15 0.340332 0.820475 0.086426 0.120768
9 0.18689 0.656413 0.077393 0.107747
