6 0.495334 0.208333 0.077908 0.155303
25 0.448893 0.324811 0.073134 0.155303
10 0.508138 0.341856 0.069227 0.175189
18 0.558051 0.388494 0.067925 0.173769
32 0.560438 0.160275 0.077908 0.156723
17 0.533854 0.066051 0.085069 0.133049
25 0.617947 0.111742 0.067925 0.174242
30 0.670898 0.075521 0.068793 0.148201
2 0.731988 0.115294 0.065972 0.178504
28 0.680122 0.206203 0.078993 0.142519
30 0.610352 0.257102 0.077908 0.132576
3 0.673503 0.327652 0.074002 0.143939
24 0.74197 0.305398 0.065972 0.171402
13 0.788954 0.401515 0.079644 0.182765
20 0.827365 0.513968 0.075304 0.16714
9 0.8648 0.606534 0.065972 0.162879
31 0.733398 0.516335 0.074002 0.156723
23 0.687934 0.429451 0.076389 0.155303
12 0.600586 0.475379 0.083116 0.152462
34 0.436089 0.482481 0.081814 0.143939
28 0.484809 0.579309 0.05816 0.162405
7 0.544596 0.593513 0.07921 0.131155
10 0.554796 0.754498 0.075738 0.148201
23 0.608073 0.643939 0.059896 0.171402
26 0.603841 0.871212 0.081814 0.158144
