0 0.175903 0.226237 0.081787 0.126302
8 0.330078 0.291992 0.072754 0.111979
18 0.457886 0.329915 0.090576 0.10319
3 0.558716 0.29362 0.080811 0.10026
27 0.572144 0.391276 0.088135 0.108724
14 0.473755 0.471517 0.084717 0.117513
16 0.407471 0.544271 0.064453 0.119792
5 0.499023 0.593099 0.091309 0.10026
22 0.477051 0.109049 0.084961 0.082682
18 0.553467 0.112305 0.080078 0.121745
22 0.651123 0.06071 0.101074 0.120768
7 0.746338 0.102051 0.084961 0.129232
18 0.735474 0.241536 0.071045 0.119792
12 0.764648 0.356445 0.088867 0.113281
25 0.626831 0.323893 0.068604 0.119792
32 0.653198 0.239421 0.080811 0.091471
1 0.677979 0.534017 0.084961 0.088216
30 0.580811 0.576172 0.087402 0.092448
12 0.576294 0.652181 0.079834 0.09668
24 0.634521 0.712891 0.092285 0.116536
34 0.572632 0.79541 0.095459 0.09668
6 0.695435 0.78125 0.090576 0.123047
17 0.687012 0.619141 0.089844 0.080729
25 0.799316 0.596842 0.094727 0.118815
31 0.894897 0.558919 0.093994 0.123047
