29 0.258545 0.142253 0.087402 0.092448
26 0.341064 0.133464 0.094727 0.097005
21 0.425293 0.10319 0.08252 0.105469
0 0.489258 0.095052 0.080078 0.119792
29 0.524292 0.218262 0.083252 0.120768
24 0.522583 0.32666 0.091553 0.109701
27 0.416016 0.194824 0.086426 0.099935
17 0.329712 0.208333 0.091553 0.103516
10 0.238647 0.213867 0.088135 0.090495
23 0.221069 0.287598 0.090576 0.086263
6 0.315063 0.275065 0.08667 0.106771
3 0.308228 0.354329 0.085693 0.096029
28 0.229126 0.404297 0.085693 0.126302
28 0.318359 0.463379 0.075195 0.116211
2 0.251953 0.521973 0.087402 0.109701
10 0.287354 0.603841 0.086426 0.128255
9 0.373291 0.628255 0.088867 0.111979
3 0.377808 0.507324 0.093018 0.117513
11 0.376953 0.398763 0.089844 0.108724
9 0.447266 0.36084 0.09375 0.12207
13 0.447754 0.531738 0.091309 0.09668
22 0.815186 0.105794 0.09375 0.134766
14 0.922241 0.158366 0.078369 0.127279
4 0.861572 0.248047 0.098633 0.121745
26 0.871704 0.369954 0.101318 0.127279
34 0.949463 0.414551 0.088867 0.125326
32 0.958496 0.267578 0.08252 0.106771
