28 0.283325 0.167806 0.150146 0.202148
29 0.394897 0.098796 0.146729 0.177409
27 0.417603 0.261556 0.151611 0.194336
31 0.547729 0.158366 0.151611 0.224935
34 0.503906 0.346842 0.154785 0.208659
30 0.628784 0.371745 0.163818 0.232422
30 0.728027 0.596354 0.171875 0.219401
27 0.671509 0.77474 0.153076 0.222656
32 0.786743 0.865397 0.139404 0.243164
32 0.5625 0.731283 0.14502 0.224935
34 0.473755 0.594076 0.148193 0.184896
27 0.362183 0.663574 0.136963 0.213216
31 0.361816 0.452637 0.123047 0.205404
31 0.233276 0.537109 0.144287 0.142578
