34 0.367405 0.425189 0.049479 0.124053
5 0.415039 0.308002 0.056641 0.148201
22 0.460178 0.414299 0.064019 0.116477
25 0.489041 0.319839 0.057509 0.139678
1 0.522678 0.451705 0.061415 0.122159
20 0.59451 0.81108 0.04362 0.129735
20 0.728733 0.781013 0.049045 0.12358
3 0.705078 0.658381 0.05816 0.142519
3 0.77908 0.769413 0.053385 0.129735
34 0.819227 0.8125 0.049479 0.118371
14 0.808919 0.929451 0.048828 0.110795
5 0.863824 0.857718 0.058811 0.122633
26 0.936957 0.935843 0.069227 0.12642
15 0.842231 0.574337 0.057292 0.124053
23 0.78928 0.487453 0.062066 0.133996
3 0.79872 0.361269 0.058811 0.116477
21 0.614366 0.283854 0.060764 0.125473
26 0.518989 0.114347 0.051432 0.139678
24 0.621853 0.171165 0.060113 0.083807
13 0.622504 0.075758 0.057509 0.099432
16 0.679145 0.072206 0.061415 0.112216
31 0.678494 0.159801 0.058811 0.098011
9 0.667643 0.257102 0.051432 0.121212
28 0.718533 0.228456 0.049479 0.120739
24 0.736654 0.116714 0.056641 0.109375
9 0.77908 0.164773 0.05599 0.116477
29 0.775391 0.270123 0.056858 0.12358
11 0.826714 0.081439 0.052734 0.133523
30 0.841146 0.201941 0.056858 0.128314
32 0.864583 0.26089 0.05599 0.122159
32 0.902669 0.182765 0.064019 0.135417
28 0.870443 0.123816 0.05599 0.12642
32 0.945421 0.101562 0.061415 0.108428
29 0.931641 0.264441 0.050781 0.129261
13 0.936957 0.36553 0.069227 0.099432
16 0.972765 0.265862 0.047526 0.129261
14 0.969727 0.169034 0.060113 0.110795
