12 0.588325 0.222775 0.058594 0.106534
24 0.731337 0.221354 0.060764 0.106534
23 0.786024 0.191288 0.056858 0.129735
10 0.776693 0.073627 0.063368 0.120739
32 0.653429 0.410748 0.048177 0.120739
27 0.68967 0.524858 0.052083 0.116951
34 0.605143 0.339015 0.051432 0.118371
12 0.553819 0.421402 0.052951 0.116477
32 0.60319 0.444602 0.05013 0.102273
24 0.595486 0.605114 0.044271 0.122159
15 0.641602 0.638968 0.053602 0.109375
11 0.643012 0.517519 0.045573 0.113636
20 0.569227 0.742188 0.049479 0.137784
28 0.627496 0.783854 0.060547 0.106534
14 0.571615 0.879972 0.052951 0.117898
