19 0.508952 0.092529 0.107096 0.074707
13 0.593424 0.107544 0.085286 0.091064
1 0.656576 0.134521 0.078125 0.085938
29 0.73763 0.154175 0.099609 0.070557
1 0.74821 0.095947 0.09668 0.081543
28 0.811035 0.205322 0.088867 0.075195
19 0.735352 0.213745 0.095052 0.073975
31 0.63916 0.199341 0.102539 0.071045
20 0.562337 0.174927 0.082357 0.088135
27 0.498372 0.159546 0.080078 0.08374
20 0.408203 0.150513 0.090495 0.075928
12 0.410156 0.222656 0.083333 0.078125
5 0.493327 0.230469 0.098633 0.061035
19 0.596354 0.253784 0.094401 0.073486
2 0.703125 0.253784 0.097005 0.070068
15 0.799316 0.263428 0.094076 0.072266
13 0.862467 0.314087 0.101237 0.073486
8 0.747884 0.313354 0.101888 0.059814
8 0.659505 0.309204 0.100911 0.055908
11 0.523438 0.282227 0.105469 0.067871
16 0.362142 0.28186 0.120768 0.073975
8 0.457845 0.319946 0.098633 0.079834
10 0.566569 0.331543 0.111654 0.061035
26 0.29248 0.321655 0.116211 0.06958
28 0.392741 0.361694 0.106445 0.07251
23 0.671224 0.364624 0.091146 0.056396
14 0.750814 0.391846 0.077799 0.071289
21 0.82959 0.379028 0.10319 0.068604
27 0.608887 0.401978 0.09668 0.080322
7 0.498698 0.383911 0.108073 0.062256
30 0.432129 0.422852 0.112305 0.075195
21 0.278809 0.392578 0.119466 0.078613
21 0.326497 0.43042 0.117839 0.084961
32 0.370117 0.474731 0.11849 0.075928
6 0.48584 0.467285 0.109049 0.08252
31 0.566081 0.447632 0.094401 0.084229
4 0.687174 0.423584 0.072917 0.078125
17 0.572266 0.529663 0.11849 0.080322
16 0.431966 0.52356 0.10026 0.084717
