6 0.489692 0.258049 0.074436 0.113636
25 0.47092 0.407907 0.065972 0.115057
34 0.413411 0.495975 0.072049 0.139678
28 0.455512 0.575047 0.063802 0.136837
26 0.460829 0.752841 0.066623 0.168561
10 0.498589 0.680398 0.061849 0.149621
7 0.529188 0.600142 0.066623 0.152936
24 0.534397 0.830256 0.078342 0.14536
13 0.588433 0.772964 0.069227 0.159564
12 0.580404 0.59233 0.071832 0.16572
18 0.564019 0.418087 0.052083 0.155303
23 0.61697 0.47822 0.05816 0.149621
14 0.564996 0.154593 0.052734 0.159564
17 0.600803 0.281723 0.07053 0.166667
10 0.647244 0.316761 0.075304 0.16572
19 0.700846 0.368608 0.07053 0.151042
23 0.647461 0.597301 0.062717 0.155777
4 0.67947 0.673295 0.067274 0.166667
16 0.725477 0.732718 0.080295 0.156723
15 0.694227 0.919271 0.054688 0.159564
12 0.797201 0.673295 0.07921 0.107008
18 0.762044 0.550663 0.066623 0.160038
28 0.811306 0.774384 0.075738 0.11411
2 0.817817 0.877131 0.07053 0.112216
29 0.866211 0.647491 0.076606 0.161458
22 0.916124 0.733428 0.077908 0.143939
8 0.940538 0.860559 0.076389 0.11411
1 0.950304 0.956913 0.084201 0.085227
0 0.7449 0.113636 0.075738 0.158144
19 0.810004 0.118134 0.07704 0.178504
21 0.899414 0.125237 0.078342 0.172822
