12 0.234131 0.079264 0.088867 0.101237
31 0.349976 0.09668 0.068604 0.111979
12 0.464355 0.211751 0.062988 0.107747
14 0.525024 0.158366 0.076904 0.088216
25 0.590942 0.247559 0.073486 0.107747
18 0.538452 0.324382 0.062744 0.101237
16 0.610474 0.345215 0.0896 0.101237
6 0.66748 0.288737 0.080078 0.097005
27 0.450195 0.307617 0.066895 0.115234
18 0.504639 0.417155 0.084961 0.097982
22 0.432617 0.40918 0.064453 0.103516
30 0.484741 0.500163 0.054932 0.107747
0 0.36792 0.474772 0.081543 0.112956
24 0.328003 0.377767 0.078369 0.114258
18 0.285034 0.451986 0.083252 0.117513
17 0.282959 0.278971 0.08252 0.098958
7 0.213745 0.330566 0.087158 0.078451
1 0.149902 0.337565 0.062012 0.103516
3 0.110352 0.405924 0.092285 0.105469
32 0.2052 0.410807 0.078369 0.106771
25 0.503418 0.645671 0.062988 0.105794
22 0.59668 0.609375 0.086426 0.09375
5 0.664917 0.545247 0.083252 0.10026
31 0.731689 0.534993 0.080078 0.114258
34 0.62915 0.701497 0.06543 0.106771
8 0.573853 0.811686 0.067139 0.120768
