3 0.504272 0.280436 0.064697 0.105143
26 0.57605 0.308105 0.06958 0.087565
26 0.667236 0.311849 0.074219 0.086589
24 0.740601 0.231608 0.06958 0.072591
7 0.846558 0.280924 0.081299 0.114583
2 0.692139 0.518717 0.075195 0.101237
0 0.757812 0.634766 0.079102 0.10612
29 0.684204 0.657227 0.073486 0.080078
28 0.590942 0.663737 0.061768 0.097005
8 0.534546 0.812337 0.081299 0.089518
14 0.534302 0.642578 0.049072 0.097005
16 0.44873 0.74235 0.049805 0.094727
4 0.442505 0.835449 0.052979 0.089518
1 0.468384 0.646973 0.072021 0.08431
9 0.467651 0.500488 0.065674 0.097982
0 0.536865 0.529134 0.07666 0.092773
3 0.43457 0.375326 0.067383 0.091797
28 0.408936 0.466146 0.067871 0.097005
25 0.363281 0.420085 0.071289 0.101237
17 0.742065 0.308757 0.064697 0.073893
7 0.679077 0.196289 0.049072 0.098958
34 0.483887 0.420085 0.072754 0.09082
27 0.503906 0.739746 0.071777 0.072591
29 0.360229 0.316569 0.061768 0.091471
1 0.572388 0.899902 0.078369 0.073893
10 0.671265 0.840007 0.074463 0.094727
4 0.599243 0.817546 0.059326 0.104492
32 0.744141 0.477376 0.078125 0.108398
