34 0.715332 0.504557 0.085449 0.136068
1 0.586182 0.35026 0.086914 0.123047
34 0.432617 0.203288 0.086914 0.127279
26 0.408569 0.393229 0.065674 0.11263
4 0.343994 0.455241 0.068848 0.110352
11 0.275879 0.51709 0.094727 0.097982
21 0.274414 0.609049 0.080566 0.076172
32 0.456665 0.519206 0.089111 0.121094
11 0.401489 0.553385 0.081299 0.126302
30 0.536255 0.400065 0.081299 0.122396
5 0.310913 0.703613 0.093994 0.10319
28 0.486572 0.444173 0.083008 0.111654
9 0.54248 0.516764 0.087891 0.111654
19 0.506226 0.628906 0.057861 0.115885
27 0.494385 0.784505 0.09082 0.115885
34 0.436646 0.845215 0.091553 0.111654
21 0.383423 0.753418 0.089111 0.129232
6 0.3396 0.854655 0.086914 0.140951
18 0.34314 0.612142 0.067139 0.120117
12 0.203491 0.61263 0.063232 0.110677
10 0.609009 0.442546 0.08667 0.114909
20 0.485352 0.307129 0.088379 0.097982
