27 0.599121 0.155762 0.143555 0.100098
10 0.485514 0.442871 0.172852 0.103027
17 0.645671 0.455566 0.148112 0.128418
23 0.313965 0.362915 0.144206 0.114014
31 0.454264 0.760132 0.183268 0.113037
20 0.593913 0.559204 0.148112 0.122314
30 0.930664 0.539307 0.138021 0.125
27 0.836914 0.608154 0.169922 0.128418
16 0.428548 0.56543 0.180664 0.118164
11 0.619792 0.789673 0.161458 0.145752
28 0.832031 0.750488 0.190104 0.136719
15 0.426432 0.663086 0.190104 0.102051
0 0.208822 0.377686 0.150716 0.117188
22 0.206055 0.235352 0.107422 0.10498
25 0.387858 0.08728 0.140299 0.065186
8 0.687663 0.339966 0.150716 0.111084
6 0.534993 0.36853 0.16569 0.094971
22 0.400716 0.323242 0.136068 0.10791
6 0.473958 0.15686 0.125 0.109131
22 0.350586 0.171753 0.141276 0.08374
32 0.593424 0.272339 0.141276 0.0979
23 0.775065 0.17981 0.136068 0.101807
7 0.777181 0.425659 0.130534 0.123291
9 0.150879 0.603394 0.130534 0.12915
2 0.335124 0.480347 0.16569 0.107666
25 0.683431 0.641479 0.166992 0.125244
31 0.471191 0.268433 0.135742 0.107666
32 0.814941 0.313843 0.140951 0.108643
13 0.889811 0.386597 0.155273 0.117432
18 0.327311 0.24353 0.144857 0.075439
24 0.646973 0.204468 0.148763 0.094971
31 0.681478 0.089233 0.121419 0.10083
34 0.788249 0.054077 0.118815 0.087158
13 0.844889 0.13562 0.140951 0.105713
12 0.190592 0.49353 0.121419 0.122314
