15 0.628147 0.168797 0.059679 0.163352
15 0.576714 0.246212 0.061415 0.153409
20 0.495985 0.305634 0.062283 0.116004
8 0.327691 0.648911 0.052517 0.142519
8 0.389323 0.570076 0.063368 0.113636
21 0.658963 0.546402 0.065321 0.155303
27 0.622396 0.418087 0.069878 0.141098
11 0.562609 0.386364 0.061415 0.155303
25 0.475477 0.40696 0.065972 0.121686
27 0.515082 0.196023 0.069661 0.111742
0 0.53201 0.487216 0.07053 0.120265
19 0.505859 0.56321 0.06901 0.127367
24 0.679796 0.764205 0.063585 0.114583
1 0.720703 0.836884 0.068576 0.14536
5 0.795356 0.535275 0.069878 0.113163
17 0.690972 0.420218 0.06033 0.098011
6 0.620768 0.673769 0.064019 0.137311
9 0.578342 0.784564 0.072483 0.124053
31 0.540256 0.699574 0.065321 0.143466
30 0.441406 0.643939 0.056424 0.138258
16 0.418403 0.193182 0.064236 0.167614
20 0.496311 0.297112 0.062934 0.10464
32 0.606988 0.540009 0.062066 0.136837
32 0.575087 0.607718 0.060764 0.149148
32 0.710395 0.627841 0.068359 0.123106
5 0.482964 0.777699 0.067925 0.116004
34 0.425998 0.79072 0.055122 0.128788
11 0.355252 0.891098 0.071615 0.150568
27 0.488281 0.659801 0.049479 0.136837
21 0.65625 0.540009 0.063368 0.148201
4 0.757053 0.397491 0.07487 0.15483
20 0.729492 0.286695 0.076172 0.14536
22 0.662218 0.283144 0.065321 0.149621
29 0.3801 0.727983 0.05013 0.142519
13 0.431532 0.47893 0.07487 0.153883
23 0.722222 0.519176 0.06901 0.106534
