34 0.316528 0.334473 0.095459 0.112956
17 0.557495 0.362793 0.114502 0.156576
5 0.719238 0.624837 0.116699 0.137044
8 0.472412 0.180013 0.106445 0.169271
4 0.63501 0.305176 0.129395 0.163086
29 0.180298 0.471517 0.093994 0.151367
15 0.408569 0.653158 0.115967 0.142904
10 0.443237 0.394857 0.087646 0.134766
3 0.45105 0.538737 0.109619 0.115885
14 0.566528 0.528158 0.107178 0.109701
27 0.755127 0.431152 0.098633 0.152669
28 0.276733 0.44515 0.113525 0.120117
29 0.483887 0.756673 0.107422 0.152669
30 0.56543 0.753906 0.10498 0.147135
0 0.62793 0.645345 0.075684 0.135742
9 0.390137 0.253581 0.107422 0.156901
32 0.387695 0.084473 0.11377 0.163086
