34 0.508545 0.332357 0.041992 0.10612
10 0.636963 0.431478 0.06543 0.111654
19 0.663696 0.26416 0.073486 0.104492
6 0.351562 0.333008 0.088379 0.088542
19 0.314819 0.388021 0.074951 0.102214
21 0.466919 0.730957 0.074951 0.082357
18 0.482666 0.425293 0.061035 0.101237
12 0.762207 0.465658 0.075195 0.079102
27 0.677979 0.528809 0.078125 0.097982
21 0.686646 0.604329 0.086182 0.096029
21 0.636963 0.675781 0.07959 0.102214
5 0.583374 0.719727 0.072021 0.102214
26 0.311035 0.516602 0.07666 0.082031
28 0.420044 0.474609 0.049072 0.107422
18 0.372314 0.43099 0.0625 0.104167
1 0.705566 0.793945 0.084473 0.107422
9 0.620361 0.817546 0.084473 0.097982
11 0.547241 0.798665 0.073486 0.106445
11 0.592163 0.881022 0.079834 0.101237
12 0.459717 0.26416 0.070312 0.089518
30 0.439697 0.33138 0.075684 0.102214
20 0.482544 0.518229 0.079834 0.085286
24 0.691772 0.352865 0.064697 0.100911
32 0.508667 0.645182 0.045166 0.102214
31 0.758667 0.606934 0.061768 0.109701
