25 0.797852 0.168701 0.110677 0.083008
31 0.821777 0.290283 0.09668 0.080078
24 0.901855 0.480835 0.103841 0.083252
5 0.591797 0.566284 0.109375 0.081787
8 0.380371 0.514282 0.105143 0.086182
29 0.585449 0.481934 0.105143 0.05957
23 0.714355 0.461792 0.09668 0.078857
22 0.741211 0.385864 0.082682 0.086182
22 0.582031 0.268433 0.086589 0.085205
31 0.664062 0.289673 0.103516 0.068115
6 0.736165 0.314697 0.075195 0.082031
27 0.804036 0.37207 0.078125 0.071289
0 0.700195 0.538696 0.110677 0.073486
15 0.485026 0.645386 0.102214 0.080811
14 0.318034 0.615601 0.082682 0.080811
17 0.212565 0.470215 0.126302 0.065918
16 0.200521 0.371948 0.110677 0.086182
23 0.314616 0.433594 0.106445 0.062988
3 0.224609 0.552002 0.119141 0.07666
7 0.192708 0.675049 0.109375 0.087402
15 0.388184 0.370483 0.081055 0.080811
18 0.634277 0.404419 0.092122 0.0896
22 0.547201 0.40918 0.085286 0.075684
29 0.467285 0.5625 0.100586 0.089355
30 0.455892 0.453125 0.089518 0.083008
30 0.514811 0.709473 0.105143 0.058594
32 0.791992 0.443115 0.102214 0.064941
