21 0.354614 0.088867 0.075928 0.11263
32 0.454224 0.145996 0.079834 0.10319
31 0.473145 0.255208 0.081543 0.107422
23 0.574341 0.408529 0.071045 0.113932
7 0.688599 0.473145 0.085205 0.116862
24 0.180542 0.654785 0.090088 0.116862
6 0.108521 0.74707 0.095459 0.104167
22 0.065308 0.830566 0.087646 0.113607
14 0.232178 0.708822 0.081543 0.094727
22 0.234863 0.816406 0.093262 0.108724
22 0.440918 0.549154 0.075195 0.113932
1 0.851196 0.131348 0.065674 0.111654
6 0.399048 0.85791 0.093994 0.10319
0 0.393188 0.647461 0.068115 0.102214
0 0.503784 0.87321 0.073486 0.118815
30 0.792114 0.514648 0.095459 0.115885
18 0.593262 0.101888 0.080566 0.071615
8 0.166382 0.881022 0.068115 0.11556
2 0.253052 0.946126 0.08374 0.105143
19 0.282593 0.312337 0.076416 0.118815
13 0.335693 0.255697 0.088379 0.114909
30 0.696411 0.16748 0.071045 0.116862
27 0.567627 0.198893 0.083008 0.083333
20 0.492798 0.658854 0.081299 0.11263
12 0.314087 0.741374 0.076416 0.11556
31 0.691406 0.377604 0.09082 0.11263
32 0.766113 0.408529 0.085938 0.113932
13 0.835449 0.361816 0.07959 0.125326
10 0.87207 0.241048 0.089844 0.091471
20 0.812622 0.056641 0.089111 0.097005
23 0.327881 0.906738 0.088379 0.108398
