17 0.297607 0.096517 0.103516 0.101237
8 0.609863 0.201172 0.129395 0.148438
30 0.473633 0.2111 0.116699 0.128581
19 0.362549 0.20166 0.11377 0.157878
5 0.267212 0.296712 0.074463 0.135742
34 0.201904 0.089193 0.094727 0.126302
34 0.070435 0.1875 0.104248 0.121094
24 0.202271 0.336589 0.078369 0.139974
27 0.133423 0.340658 0.075928 0.125326
31 0.155396 0.494141 0.112061 0.156901
6 0.250732 0.517253 0.115234 0.150391
21 0.315186 0.421061 0.094727 0.149414
31 0.409302 0.490397 0.122314 0.164388
1 0.609863 0.558594 0.102539 0.170573
26 0.068359 0.537598 0.097168 0.159831
22 0.050293 0.384277 0.092285 0.138997
16 0.165283 0.232096 0.092285 0.088542
23 0.254272 0.191569 0.093994 0.097982
22 0.507446 0.561849 0.134033 0.136719
12 0.492798 0.425781 0.123779 0.146484
13 0.150269 0.729818 0.117432 0.155599
25 0.320801 0.581706 0.115234 0.160156
2 0.222778 0.64681 0.130127 0.143229
15 0.438477 0.100749 0.103516 0.147461
7 0.544067 0.109863 0.127197 0.152669
18 0.654297 0.300293 0.124023 0.174805
18 0.532227 0.671549 0.126953 0.154948
3 0.589355 0.761393 0.138672 0.170573
29 0.397583 0.640137 0.115967 0.173503
32 0.414551 0.334961 0.121582 0.100911
29 0.256226 0.81543 0.107178 0.167318
25 0.119629 0.605794 0.117676 0.143229
