18 0.657104 0.218424 0.132568 0.151693
31 0.312134 0.394857 0.093018 0.160156
19 0.459351 0.300456 0.112061 0.18099
14 0.718506 0.352865 0.148438 0.191406
7 0.648438 0.511882 0.107422 0.180013
15 0.557861 0.371745 0.107422 0.179036
32 0.397095 0.39681 0.112061 0.18099
6 0.19043 0.247884 0.112793 0.155924
31 0.096313 0.214355 0.105713 0.149414
25 0.052979 0.325033 0.094727 0.150716
30 0.529907 0.516113 0.13501 0.148112
25 0.22583 0.378092 0.092285 0.157878
21 0.274658 0.164876 0.125488 0.174805
8 0.411743 0.816406 0.137939 0.160807
12 0.439209 0.63151 0.139648 0.158854
22 0.258179 0.906738 0.115967 0.150716
1 0.364258 0.920247 0.104492 0.158854
2 0.142822 0.381185 0.105957 0.153646
29 0.289307 0.56071 0.093262 0.166341
29 0.181274 0.556478 0.0979 0.151367
13 0.071533 0.462565 0.114258 0.148438
2 0.540527 0.205404 0.093262 0.177734
