0 0.609009 0.766602 0.093018 0.105469
8 0.252319 0.764486 0.0979 0.105143
36 0.30896 0.861003 0.085205 0.080078
17 0.462524 0.910482 0.078857 0.098958
34 0.441284 0.578125 0.085205 0.121094
28 0.357422 0.576497 0.100098 0.117839
14 0.438477 0.389648 0.083008 0.080078
27 0.510254 0.490885 0.068848 0.119141
26 0.566895 0.568522 0.097168 0.097982
15 0.684204 0.674642 0.065674 0.125326
5 0.780762 0.558105 0.064941 0.118815
21 0.307861 0.64681 0.068848 0.109375
4 0.348633 0.730306 0.09082 0.110352
32 0.246704 0.627441 0.077393 0.101888
9 0.432617 0.69873 0.086914 0.087565
2 0.520874 0.812174 0.0979 0.119141
25 0.554199 0.669922 0.084473 0.107422
16 0.62561 0.666829 0.068115 0.109701
30 0.755859 0.659505 0.089355 0.105469
0 0.713745 0.536621 0.06958 0.11556
29 0.633789 0.481445 0.092285 0.11263
29 0.656372 0.890951 0.104248 0.123047
