15 0.628784 0.331868 0.075928 0.086263
2 0.365601 0.398926 0.077393 0.111654
5 0.3125 0.510905 0.07959 0.110352
34 0.2771 0.600586 0.078125 0.107422
8 0.454956 0.47819 0.073486 0.09375
3 0.475952 0.404297 0.071045 0.078125
25 0.533447 0.409017 0.052246 0.108398
23 0.589722 0.453125 0.064209 0.108724
5 0.697266 0.373861 0.093262 0.09082
14 0.735718 0.659342 0.08374 0.12207
24 0.362915 0.569173 0.086182 0.105143
0 0.406982 0.666829 0.083008 0.105143
18 0.425903 0.760254 0.089111 0.105143
17 0.468872 0.844401 0.05835 0.107422
31 0.397583 0.859049 0.084717 0.090495
34 0.740112 0.316081 0.089111 0.097005
22 0.651123 0.439941 0.083008 0.09082
30 0.655151 0.573893 0.086182 0.089844
2 0.76062 0.521484 0.072021 0.11263
30 0.716064 0.47526 0.067871 0.110677
31 0.493286 0.578613 0.085205 0.086263
19 0.387695 0.472005 0.075684 0.091797
29 0.475098 0.652018 0.088379 0.088542
29 0.5271 0.513021 0.071289 0.08138
32 0.533813 0.244141 0.062256 0.095703
13 0.432983 0.543457 0.074951 0.099935
22 0.603149 0.673014 0.072021 0.113607
0 0.76416 0.243164 0.085449 0.10026
34 0.039551 0.697266 0.072754 0.111328
