26 0.568848 0.276693 0.082031 0.09375
26 0.645264 0.364909 0.077637 0.117188
17 0.710938 0.424316 0.09082 0.12207
1 0.307007 0.474121 0.072021 0.101888
7 0.719727 0.266764 0.084473 0.109701
24 0.749634 0.364421 0.087646 0.109701
7 0.813721 0.511882 0.088379 0.091471
2 0.553101 0.564453 0.050537 0.108724
0 0.419189 0.437337 0.074219 0.081055
3 0.524292 0.185872 0.059326 0.100911
3 0.421143 0.20638 0.07666 0.083333
25 0.341309 0.18278 0.074219 0.07194
28 0.349487 0.266764 0.073486 0.082357
9 0.379517 0.346517 0.046631 0.099284
34 0.434204 0.291341 0.060303 0.104167
14 0.357788 0.523438 0.074463 0.11263
27 0.293213 0.582357 0.074219 0.102214
28 0.391602 0.583822 0.072754 0.105143
8 0.277832 0.660482 0.071777 0.076172
1 0.269531 0.768717 0.067871 0.109701
4 0.198242 0.603841 0.07666 0.098958
16 0.239258 0.526042 0.075195 0.105469
13 0.327026 0.72819 0.085205 0.10026
32 0.619629 0.580078 0.0625 0.11263
0 0.543335 0.721354 0.086182 0.090495
10 0.371582 0.808431 0.087891 0.111654
29 0.471191 0.668294 0.088379 0.110677
