6 0.577148 0.122396 0.06543 0.072917
30 0.609741 0.189453 0.042725 0.085286
18 0.556274 0.216309 0.05835 0.07194
19 0.562866 0.328613 0.067139 0.075846
26 0.443237 0.393717 0.062256 0.094727
11 0.457764 0.484049 0.066406 0.080078
9 0.526245 0.543457 0.056885 0.096029
5 0.650391 0.555013 0.068848 0.095703
21 0.745361 0.522461 0.066406 0.091797
21 0.751465 0.389486 0.066406 0.092773
21 0.644043 0.424805 0.057617 0.091797
28 0.577148 0.403158 0.063965 0.067383
11 0.597168 0.472005 0.067871 0.083333
18 0.633057 0.284668 0.046875 0.094727
28 0.164429 0.2264 0.050049 0.089518
9 0.121582 0.269857 0.058594 0.097005
8 0.05188 0.318197 0.079834 0.08431
27 0.092407 0.540202 0.063232 0.099935
7 0.149048 0.662109 0.068115 0.10026
23 0.110107 0.746582 0.07666 0.09082
17 0.231812 0.649577 0.068115 0.070638
1 0.788574 0.631673 0.071289 0.077148
24 0.899658 0.441569 0.074219 0.085612
19 0.815308 0.337565 0.05542 0.09375
12 0.143921 0.40332 0.081299 0.078125
2 0.082153 0.432617 0.071045 0.097005
10 0.031372 0.533529 0.062256 0.098958
30 0.052979 0.612305 0.075684 0.078125
11 0.205444 0.764486 0.073486 0.105143
14 0.301147 0.508789 0.05542 0.09375
20 0.647583 0.356445 0.061768 0.05599
27 0.687012 0.301921 0.058594 0.070638
4 0.748413 0.242025 0.063232 0.072591
10 0.695679 0.206868 0.039795 0.092773
12 0.664551 0.129232 0.067383 0.078125
25 0.158936 0.5861 0.075195 0.08431
13 0.153809 0.476888 0.074219 0.069661
34 0.652344 0.20752 0.039551 0.087565
20 0.223877 0.26416 0.079102 0.089518
31 0.912964 0.597493 0.082275 0.101237
12 0.86499 0.536621 0.075684 0.08431
32 0.697144 0.421061 0.063232 0.094727
