6 0.605469 0.454102 0.063965 0.104167
18 0.675171 0.409993 0.085205 0.099935
1 0.595215 0.24528 0.083008 0.106445
21 0.510986 0.243001 0.054688 0.108398
31 0.392456 0.213216 0.063232 0.071615
21 0.235352 0.543457 0.083008 0.087565
21 0.286133 0.385254 0.071289 0.092773
20 0.245972 0.448405 0.077393 0.092773
18 0.331787 0.448405 0.072754 0.111654
27 0.40625 0.473633 0.075195 0.113932
32 0.493652 0.467773 0.06543 0.104167
28 0.531128 0.40625 0.06958 0.107422
19 0.569214 0.361654 0.074951 0.110677
30 0.559082 0.508138 0.07666 0.097005
9 0.650757 0.56543 0.071045 0.114583
11 0.581055 0.617839 0.075195 0.102214
26 0.513794 0.704102 0.077393 0.085286
12 0.387695 0.716146 0.074219 0.103516
10 0.39917 0.594889 0.084473 0.114909
12 0.338501 0.248861 0.056396 0.094727
24 0.289673 0.291341 0.062256 0.102214
19 0.233765 0.245117 0.059326 0.102214
11 0.44397 0.36084 0.051514 0.106445
5 0.632202 0.32666 0.081299 0.109701
4 0.237793 0.760254 0.07666 0.101237
