9 0.602417 0.373861 0.087646 0.109701
47 0.687012 0.421549 0.086914 0.123047
28 0.585449 0.497233 0.066406 0.114909
11 0.251465 0.566081 0.091797 0.107422
3 0.189209 0.68457 0.086914 0.090495
4 0.18689 0.835286 0.08667 0.095703
28 0.285767 0.739258 0.082764 0.124349
10 0.328247 0.57959 0.078369 0.12207
32 0.365601 0.463216 0.071045 0.115885
39 0.412842 0.569173 0.094727 0.118164
28 0.463745 0.647949 0.092529 0.109701
1 0.415283 0.782389 0.089844 0.111654
16 0.334473 0.933594 0.084473 0.124349
24 0.423096 0.937337 0.088379 0.116862
9 0.534546 0.86849 0.079834 0.097005
15 0.604248 0.911458 0.082031 0.088542
15 0.571655 0.768717 0.092529 0.113607
19 0.557007 0.604818 0.090088 0.095052
31 0.651611 0.779297 0.067871 0.115885
26 0.483398 0.761719 0.081543 0.11263
17 0.447998 0.865234 0.085938 0.098958
