7 0.702962 0.637939 0.111003 0.078613
26 0.299642 0.446777 0.116211 0.089355
14 0.328613 0.527588 0.114909 0.057617
17 0.725586 0.720703 0.116536 0.089355
4 0.186523 0.550415 0.102214 0.067139
26 0.2889 0.369385 0.106445 0.070312
34 0.501302 0.401733 0.092448 0.065186
8 0.583496 0.458008 0.097982 0.083984
28 0.664714 0.46814 0.09375 0.085205
3 0.321452 0.636841 0.097982 0.0896
1 0.141113 0.693115 0.09668 0.091309
10 0.235189 0.675049 0.123372 0.07666
28 0.402181 0.463745 0.097982 0.085205
25 0.525391 0.536011 0.111979 0.083252
24 0.905924 0.650146 0.126302 0.101074
3 0.576986 0.62146 0.113607 0.088135
27 0.501302 0.67395 0.123698 0.061768
0 0.46875 0.777954 0.115234 0.0979
32 0.578288 0.764771 0.130534 0.084229
2 0.368327 0.70752 0.112305 0.075684
16 0.395833 0.614624 0.091146 0.091553
1 0.476562 0.60498 0.09375 0.095703
4 0.468099 0.490356 0.102214 0.085205
0 0.777995 0.559326 0.096354 0.089355
9 0.620117 0.55249 0.111979 0.094727
29 0.400716 0.380981 0.109375 0.05542
29 0.781576 0.466919 0.120443 0.091553
