8 0.375854 0.174967 0.06958 0.116862
32 0.455444 0.085612 0.096436 0.104167
28 0.542114 0.182129 0.064697 0.108398
14 0.699951 0.165365 0.083008 0.13151
27 0.677124 0.289388 0.087646 0.11263
34 0.585693 0.268392 0.07666 0.089518
9 0.502686 0.32959 0.080566 0.130534
10 0.339355 0.278809 0.084473 0.127279
17 0.386963 0.471029 0.086914 0.121094
2 0.475952 0.47998 0.063232 0.111654
1 0.355469 0.624186 0.080566 0.125326
7 0.404541 0.722982 0.09082 0.09375
25 0.590576 0.439941 0.084473 0.124023
0 0.558594 0.550781 0.071289 0.119141
16 0.626709 0.513509 0.098633 0.126628
15 0.653076 0.582357 0.093262 0.129557
0 0.758301 0.539714 0.10498 0.126302
5 0.785767 0.631185 0.101807 0.124349
29 0.754761 0.423665 0.071045 0.114909
29 0.5 0.675618 0.07666 0.125326
26 0.655518 0.3986 0.101074 0.114909
30 0.705078 0.661458 0.082031 0.126302
