14 0.772095 0.202637 0.078857 0.130534
2 0.509399 0.447754 0.070557 0.116862
16 0.567749 0.508301 0.073486 0.113607
10 0.436523 0.452474 0.082031 0.097005
27 0.448364 0.260417 0.091553 0.124349
25 0.384644 0.284993 0.08374 0.116862
18 0.314453 0.157552 0.074219 0.107422
7 0.203857 0.285645 0.092285 0.11556
23 0.136475 0.264648 0.075684 0.119792
31 0.134521 0.085124 0.087891 0.086263
21 0.858643 0.281413 0.099609 0.142904
28 0.629395 0.72819 0.101074 0.133464
23 0.424805 0.569661 0.093262 0.121094
8 0.306641 0.56071 0.086914 0.094727
14 0.364502 0.62793 0.081543 0.097005
8 0.0448 0.301921 0.089111 0.097982
24 0.058594 0.462077 0.086914 0.118164
6 0.115967 0.518717 0.086914 0.06543
25 0.143555 0.612305 0.093262 0.088542
18 0.245972 0.639974 0.08667 0.104167
8 0.332642 0.789225 0.06958 0.116862
3 0.359741 0.893066 0.093994 0.108398
7 0.419678 0.790202 0.09082 0.112956
28 0.298706 0.448893 0.091553 0.11263
31 0.227905 0.457845 0.064697 0.111654
32 0.167603 0.374837 0.082764 0.12207
32 0.243652 0.184245 0.072754 0.123047
30 0.300293 0.264648 0.072754 0.113932
17 0.280518 0.367025 0.086914 0.106445
6 0.353394 0.500977 0.087646 0.117839
20 0.360474 0.376465 0.093994 0.110352
0 0.487305 0.616862 0.085938 0.13151
31 0.822021 0.095052 0.098633 0.121094
29 0.437256 0.90625 0.074219 0.124349
22 0.20105 0.555013 0.0979 0.110677
22 0.373535 0.714681 0.099609 0.097982
12 0.516113 0.854167 0.086914 0.129557
