4 0.549194 0.212728 0.064697 0.097982
32 0.687012 0.286133 0.075684 0.08724
10 0.640503 0.409505 0.068115 0.097005
21 0.684692 0.469401 0.063232 0.092448
15 0.651855 0.569661 0.07666 0.068359
29 0.2948 0.538086 0.068115 0.083333
17 0.394775 0.619629 0.060059 0.092773
15 0.452759 0.68571 0.051514 0.088216
9 0.567627 0.505697 0.070312 0.089518
28 0.494019 0.294596 0.068115 0.095703
24 0.439209 0.338704 0.0625 0.097982
19 0.407349 0.411621 0.056885 0.092773
1 0.344727 0.370768 0.070312 0.078125
9 0.303833 0.701986 0.072021 0.077148
26 0.44043 0.58431 0.052246 0.095703
20 0.48645 0.53776 0.059326 0.097005
31 0.67395 0.649577 0.072021 0.081055
23 0.358521 0.475749 0.047607 0.086263
28 0.408203 0.506185 0.064941 0.090495
28 0.462891 0.457845 0.049805 0.094727
30 0.39563 0.250326 0.063232 0.09375
3 0.607422 0.202148 0.072754 0.09375
11 0.555542 0.313477 0.05542 0.08724
16 0.599487 0.314453 0.056885 0.091797
13 0.954712 0.121908 0.085205 0.094727
