0 0.40408 0.37429 0.069878 0.136837
26 0.53776 0.136364 0.072917 0.159091
20 0.459852 0.535275 0.072917 0.151989
21 0.518012 0.585938 0.062934 0.100852
1 0.389648 0.584754 0.07053 0.13447
28 0.309353 0.473248 0.065321 0.14536
7 0.451606 0.31179 0.066406 0.148201
28 0.46658 0.146544 0.065972 0.166193
16 0.51161 0.266572 0.067925 0.143939
7 0.822374 0.516572 0.061415 0.159091
14 0.888129 0.607008 0.066623 0.150568
19 0.865885 0.373106 0.071615 0.170455
34 0.522461 0.444602 0.058811 0.141098
22 0.621636 0.339725 0.073568 0.142519
9 0.568142 0.863163 0.063368 0.170455
13 0.770725 0.526042 0.07053 0.159091
