3 0.35144 0.263672 0.082275 0.115885
8 0.588623 0.224121 0.086914 0.089518
26 0.590942 0.333008 0.08374 0.115885
3 0.681885 0.588053 0.09082 0.12207
23 0.703491 0.471517 0.096436 0.11556
27 0.701172 0.319824 0.091797 0.108398
17 0.212891 0.549642 0.080566 0.114909
16 0.380249 0.443685 0.082764 0.114583
26 0.328613 0.495117 0.082031 0.114583
28 0.233398 0.153809 0.085449 0.110352
24 0.532593 0.113444 0.08374 0.118164
7 0.664917 0.137044 0.085205 0.127604
25 0.77356 0.059896 0.091553 0.117839
0 0.823975 0.30778 0.088379 0.120117
28 0.862183 0.396973 0.101807 0.120117
10 0.803955 0.509928 0.100098 0.116862
1 0.775269 0.585938 0.105713 0.124349
4 0.518433 0.531738 0.077393 0.116862
14 0.587646 0.501465 0.066406 0.116862
27 0.512939 0.368164 0.080566 0.11263
15 0.431885 0.387533 0.088379 0.111654
29 0.473999 0.285645 0.092529 0.09668
29 0.265625 0.454102 0.067871 0.110677
1 0.421143 0.519857 0.089355 0.109375
7 0.414185 0.665853 0.081299 0.130534
9 0.530273 0.629069 0.083496 0.09082
16 0.579834 0.809082 0.093262 0.112956
22 0.645996 0.713542 0.094727 0.110677
6 0.633789 0.409017 0.085938 0.101888
32 0.759888 0.22998 0.074951 0.120117
0 0.476685 0.446289 0.085205 0.117839
4 0.470825 0.166992 0.068604 0.124349
2 0.863403 0.078288 0.091553 0.133789
