34 0.419556 0.139648 0.072021 0.124349
1 0.824341 0.506673 0.087646 0.127279
19 0.674316 0.349609 0.088379 0.080078
21 0.553589 0.319336 0.087646 0.115885
5 0.402344 0.452474 0.092285 0.097005
27 0.366089 0.255697 0.093994 0.108398
21 0.437378 0.31722 0.093018 0.113607
13 0.310181 0.470378 0.086182 0.098958
19 0.231445 0.549805 0.098633 0.121094
9 0.525146 0.653158 0.098633 0.111654
10 0.648804 0.575358 0.096924 0.113607
26 0.512207 0.520833 0.101074 0.107422
28 0.446777 0.599121 0.074219 0.123372
11 0.375488 0.540853 0.092285 0.075846
32 0.365356 0.638021 0.087646 0.083333
30 0.64209 0.461426 0.067871 0.114909
20 0.787842 0.392741 0.096191 0.09082
11 0.647339 0.158691 0.073486 0.130534
4 0.64917 0.275228 0.089844 0.094727
34 0.583496 0.879883 0.083008 0.136719
18 0.490479 0.414225 0.089355 0.106445
12 0.527832 0.217936 0.086914 0.116862
31 0.082153 0.912598 0.088623 0.132487
