34 0.606689 0.351237 0.080566 0.11263
34 0.606201 0.521322 0.084473 0.099935
5 0.389648 0.490885 0.083008 0.08724
3 0.177856 0.212728 0.093994 0.108398
16 0.145874 0.429036 0.090088 0.110677
8 0.335327 0.146484 0.078369 0.11263
18 0.138428 0.108236 0.083008 0.10319
7 0.30188 0.229004 0.075928 0.120117
10 0.387817 0.391276 0.077393 0.102214
23 0.449951 0.265137 0.071289 0.081055
0 0.599976 0.104004 0.072021 0.113607
24 0.361328 0.726074 0.067383 0.106445
9 0.242798 0.587077 0.08374 0.111654
28 0.139648 0.528158 0.080566 0.073893
11 0.226318 0.487142 0.088379 0.111654
14 0.44519 0.052572 0.074463 0.073893
22 0.671997 0.057292 0.05542 0.110677
20 0.677856 0.175293 0.087646 0.10319
18 0.897339 0.258301 0.06958 0.113607
6 0.526367 0.271973 0.082031 0.111654
2 0.371582 0.258952 0.078125 0.097982
22 0.407349 0.141764 0.071045 0.113607
7 0.912231 0.158529 0.077393 0.107422
31 0.953125 0.085124 0.082031 0.113607
12 0.495605 0.133301 0.057129 0.109701
27 0.468872 0.462565 0.061768 0.10612
25 0.516846 0.384766 0.075684 0.110677
26 0.557007 0.463704 0.075928 0.106445
5 0.476807 0.551921 0.080566 0.081055
13 0.532593 0.616862 0.068115 0.11263
14 0.27478 0.765625 0.087646 0.115885
21 0.220337 0.855794 0.092529 0.107422
19 0.288086 0.654134 0.081543 0.109701
32 0.077026 0.458822 0.084717 0.10319
31 0.338867 0.84375 0.075684 0.121094
12 0.60791 0.639486 0.084473 0.105143
29 0.106567 0.22998 0.08374 0.113607
2 0.468872 0.731283 0.061768 0.106445
