3 0.304321 0.545573 0.104248 0.104167
27 0.569214 0.438477 0.106689 0.114583
2 0.547974 0.225749 0.086182 0.130534
26 0.432983 0.15446 0.100342 0.140951
24 0.625488 0.334473 0.101074 0.127279
34 0.567993 0.132324 0.0979 0.113607
5 0.386963 0.581217 0.094727 0.137695
5 0.517212 0.668294 0.108154 0.139974
25 0.447266 0.423665 0.098633 0.133789
14 0.684204 0.805339 0.114502 0.151693
13 0.620361 0.551921 0.112793 0.127279
7 0.352661 0.442546 0.106689 0.133789
2 0.318848 0.677897 0.119141 0.116862
16 0.330933 0.808594 0.118408 0.141276
11 0.433838 0.826009 0.103516 0.152669
31 0.744507 0.480306 0.107178 0.144206
12 0.769653 0.270345 0.116943 0.142253
34 0.286133 0.061523 0.075684 0.123047
18 0.292725 0.197917 0.084473 0.133464
8 0.271973 0.328776 0.105957 0.117839
22 0.356323 0.101888 0.0979 0.100911
29 0.192871 0.267741 0.092285 0.140951
22 0.37207 0.326986 0.101074 0.106445
