10 0.744141 0.195312 0.070312 0.103516
15 0.685059 0.158529 0.061035 0.090495
16 0.656616 0.556641 0.074951 0.088542
20 0.65271 0.342773 0.064209 0.104167
30 0.734985 0.319661 0.06958 0.104167
27 0.795288 0.338704 0.057861 0.108398
7 0.748413 0.47347 0.064697 0.10319
6 0.830322 0.496745 0.080566 0.098958
2 0.853638 0.381185 0.052979 0.105469
20 0.965332 0.306478 0.068848 0.105143
8 0.922363 0.211589 0.066406 0.083333
34 0.799316 0.08138 0.070312 0.102214
19 0.292847 0.386068 0.068604 0.07487
34 0.27356 0.446777 0.053955 0.089518
24 0.28772 0.528646 0.064697 0.09375
5 0.395508 0.499837 0.052246 0.105143
23 0.130615 0.399089 0.057617 0.071615
31 0.081421 0.420573 0.042725 0.083333
22 0.047485 0.37321 0.049072 0.079102
25 0.205078 0.281413 0.053711 0.075846
9 0.909058 0.111328 0.075928 0.086589
13 0.687866 0.398112 0.063232 0.098958
23 0.780273 0.563314 0.063965 0.099935
11 0.913818 0.484701 0.075684 0.104167
25 0.9646 0.414225 0.063965 0.096029
15 0.269653 0.703613 0.06958 0.086263
5 0.336548 0.665365 0.074463 0.07487
3 0.182129 0.563802 0.074219 0.078125
32 0.145142 0.653646 0.068115 0.08138
22 0.158203 0.722493 0.063965 0.063477
14 0.142822 0.80127 0.074219 0.101237
17 0.124268 0.473633 0.05127 0.080078
8 0.173462 0.484538 0.063232 0.081055
0 0.219971 0.509928 0.042969 0.089518
31 0.907104 0.576497 0.081299 0.092448
2 0.329956 0.475749 0.073486 0.094727
31 0.189697 0.359538 0.075195 0.070638
29 0.189941 0.423665 0.066406 0.081055
29 0.289673 0.618001 0.059326 0.070638
32 0.698853 0.681478 0.077393 0.086263
30 0.255737 0.856771 0.073486 0.115885
13 0.346313 0.575358 0.065674 0.101237
30 0.158936 0.248861 0.071777 0.080404
12 0.857544 0.183105 0.052979 0.097982
