34 0.120361 0.551758 0.075195 0.091797
26 0.54248 0.231608 0.070312 0.099935
19 0.614502 0.15804 0.047363 0.087565
18 0.625122 0.241536 0.065674 0.061198
30 0.712524 0.250977 0.059326 0.086589
21 0.502686 0.495605 0.064941 0.09082
10 0.768921 0.502441 0.074463 0.104492
24 0.847168 0.52181 0.070312 0.071615
4 0.832764 0.413249 0.053711 0.096029
8 0.163696 0.733073 0.060791 0.078125
9 0.181885 0.64209 0.07666 0.081055
10 0.050171 0.625326 0.065674 0.059896
27 0.039185 0.770345 0.038818 0.079102
28 0.234497 0.850586 0.046631 0.097005
11 0.484253 0.687174 0.051514 0.085286
11 0.509766 0.608561 0.060059 0.066732
5 0.567993 0.60498 0.056885 0.092773
21 0.626709 0.629069 0.049805 0.09082
21 0.690918 0.644857 0.075684 0.088542
1 0.594849 0.76123 0.07251 0.092773
9 0.537354 0.683105 0.047363 0.096029
13 0.297485 0.767578 0.073486 0.095052
14 0.316895 0.928385 0.074219 0.080078
17 0.249512 0.939779 0.057617 0.090495
11 0.078125 0.950846 0.066406 0.0625
2 0.069946 0.835286 0.068604 0.085286
20 0.168091 0.834798 0.063232 0.075846
25 0.13208 0.921387 0.056152 0.096029
12 0.129395 0.678874 0.066406 0.091471
12 0.817017 0.653158 0.06958 0.111654
27 0.723633 0.591797 0.083008 0.076823
31 0.725952 0.718262 0.078369 0.075846
