26 0.449219 0.068685 0.079102 0.11263
28 0.66687 0.221029 0.072021 0.083333
30 0.123535 0.539225 0.075195 0.108398
15 0.449951 0.610189 0.071289 0.10319
23 0.312988 0.514648 0.072754 0.098958
24 0.267944 0.441569 0.077393 0.072591
28 0.182617 0.265299 0.0625 0.09375
14 0.212036 0.187337 0.075928 0.106445
27 0.249512 0.117513 0.078125 0.107422
16 0.814575 0.111979 0.06958 0.11263
20 0.789307 0.659505 0.086914 0.095052
30 0.216064 0.594889 0.088379 0.091471
16 0.192017 0.457845 0.082764 0.09082
16 0.199829 0.363932 0.073486 0.095703
15 0.25708 0.326009 0.080566 0.104492
15 0.421265 0.379069 0.079834 0.105143
26 0.449829 0.298177 0.08374 0.109375
11 0.488525 0.150716 0.058594 0.091797
1 0.515625 0.229492 0.078125 0.09375
11 0.914185 0.151204 0.081299 0.118164
28 0.833862 0.214844 0.087646 0.085286
5 0.214478 0.525065 0.082275 0.082031
0 0.076294 0.431152 0.081299 0.097982
31 0.397949 0.841146 0.082031 0.107422
9 0.952393 0.23877 0.083496 0.125326
0 0.339355 0.339681 0.083008 0.106445
9 0.361328 0.43571 0.083008 0.101237
32 0.751221 0.163249 0.083008 0.108398
29 0.387329 0.541341 0.076416 0.10612
42 0.322754 0.267741 0.071777 0.10319
3 0.382202 0.146973 0.06958 0.109701
28 0.395264 0.234212 0.084473 0.105143
4 0.326782 0.170736 0.073486 0.097982
