34 0.549561 0.096191 0.085938 0.127279
0 0.481079 0.209961 0.072021 0.124349
2 0.581055 0.57015 0.089355 0.10319
14 0.366821 0.371257 0.082764 0.108398
26 0.17981 0.418457 0.082275 0.079102
27 0.28064 0.381673 0.077393 0.108398
4 0.253418 0.576986 0.078125 0.096029
17 0.211304 0.677246 0.078857 0.105143
32 0.143921 0.573893 0.074951 0.10612
8 0.494019 0.605957 0.064697 0.111654
9 0.578735 0.706706 0.074951 0.119792
7 0.487427 0.734538 0.093994 0.114909
1 0.367676 0.830566 0.056152 0.120117
10 0.429077 0.826497 0.067139 0.117839
3 0.338501 0.58903 0.067139 0.10319
3 0.43811 0.469401 0.07251 0.078125
4 0.508545 0.47526 0.063965 0.110677
25 0.526367 0.373861 0.088379 0.09668
28 0.551514 0.307129 0.091797 0.097982
29 0.689819 0.643229 0.087646 0.091797
29 0.449219 0.346517 0.066406 0.120117
