18 0.279785 0.62321 0.072754 0.112956
31 0.307007 0.463542 0.084717 0.102214
30 0.174316 0.300293 0.075684 0.113607
29 0.565308 0.133952 0.051514 0.114909
5 0.618896 0.084961 0.063965 0.117839
3 0.484619 0.322428 0.079102 0.120117
0 0.442505 0.236328 0.086182 0.097005
30 0.77002 0.261068 0.09082 0.13151
14 0.697998 0.44043 0.091797 0.104167
25 0.226318 0.226888 0.072754 0.105469
23 0.311279 0.367676 0.079102 0.111654
17 0.377441 0.405924 0.086914 0.10026
27 0.425903 0.475749 0.082764 0.113607
15 0.504272 0.562337 0.068115 0.118815
16 0.468872 0.72347 0.068115 0.118164
22 0.370361 0.647298 0.082031 0.079102
6 0.361694 0.541341 0.085205 0.108724
22 0.250732 0.523438 0.080566 0.08724
32 0.557861 0.407389 0.074219 0.109701
22 0.627197 0.397461 0.058594 0.117188
24 0.478271 0.120768 0.052246 0.111328
31 0.292358 0.274577 0.077393 0.106445
29 0.3479 0.284505 0.070312 0.117839
8 0.401855 0.321452 0.079102 0.12207
23 0.437622 0.571777 0.087646 0.116862
15 0.638916 0.202637 0.075684 0.12207
