7 0.270386 0.236328 0.071045 0.090495
31 0.690918 0.331217 0.067871 0.108398
6 0.486572 0.72347 0.075195 0.075846
12 0.545654 0.922038 0.07666 0.101237
14 0.415649 0.897786 0.078369 0.086589
25 0.160522 0.791829 0.078369 0.082357
25 0.313721 0.622233 0.066406 0.091471
16 0.285767 0.755534 0.067139 0.102214
26 0.256592 0.822266 0.078125 0.097005
2 0.248779 0.1014 0.054688 0.091471
1 0.292847 0.15804 0.065674 0.104492
24 0.343262 0.181152 0.061035 0.104492
7 0.40625 0.170573 0.07666 0.09375
12 0.353394 0.09668 0.073486 0.080078
0 0.45459 0.115072 0.053711 0.108398
12 0.613037 0.041341 0.074219 0.07487
19 0.632935 0.09668 0.073486 0.086589
0 0.254639 0.694661 0.074219 0.09375
27 0.3125 0.843099 0.083008 0.098958
7 0.341675 0.943034 0.067139 0.105469
29 0.340088 0.685221 0.07666 0.10026
25 0.354736 0.763997 0.074219 0.10026
8 0.397217 0.803385 0.072754 0.107422
3 0.284912 0.911947 0.07666 0.108398
