34 0.252197 0.14388 0.108887 0.151693
17 0.323486 0.216309 0.10498 0.113607
2 0.417969 0.261882 0.083008 0.144206
34 0.415283 0.116536 0.112305 0.134766
7 0.541016 0.281413 0.10498 0.094727
8 0.783813 0.148112 0.126221 0.182943
19 0.564941 0.385905 0.115234 0.099935
22 0.234985 0.351725 0.071045 0.128581
31 0.240356 0.487305 0.08374 0.134766
6 0.331421 0.521484 0.117432 0.102214
5 0.536499 0.628906 0.090088 0.164062
23 0.443604 0.39388 0.107422 0.105469
16 0.330933 0.322917 0.118408 0.102214
27 0.327515 0.414225 0.114502 0.096029
2 0.265259 0.642253 0.103271 0.148438
25 0.167236 0.557617 0.110352 0.095052
22 0.397949 0.780111 0.130859 0.159831
24 0.436157 0.495117 0.12085 0.104167
12 0.354248 0.63265 0.119141 0.129232
13 0.18103 0.753906 0.100342 0.107422
31 0.318481 0.917318 0.119873 0.150391
32 0.249146 0.841634 0.118408 0.169596
18 0.540283 0.174479 0.101074 0.119792
