11 0.365723 0.305013 0.086914 0.08138
20 0.583496 0.214844 0.092285 0.13151
10 0.723511 0.297689 0.087646 0.131836
21 0.403076 0.495605 0.100098 0.113607
34 0.360596 0.56543 0.085938 0.121094
48 0.225586 0.547689 0.094727 0.116862
12 0.599609 0.454102 0.066406 0.11263
27 0.234253 0.88737 0.08374 0.117839
13 0.391602 0.807943 0.088379 0.13151
30 0.709473 0.564941 0.068848 0.128581
30 0.768555 0.645833 0.10498 0.134766
8 0.455811 0.679362 0.07666 0.128255
31 0.536987 0.87679 0.101807 0.137044
18 0.639404 0.685221 0.098633 0.129557
18 0.820923 0.714518 0.104248 0.138021
21 0.651245 0.881673 0.101807 0.125326
27 0.700317 0.767741 0.104248 0.138997
32 0.748413 0.831706 0.10083 0.132812
32 0.487793 0.40804 0.072754 0.116862
22 0.540405 0.554525 0.08374 0.12207
19 0.662598 0.405924 0.091797 0.129557
13 0.811768 0.311849 0.103516 0.134766
31 0.837402 0.866862 0.107422 0.13151
19 0.316284 0.941895 0.094971 0.11556
1 0.643188 0.255208 0.101807 0.136719
