15 0.419189 0.287109 0.134277 0.13151
6 0.563354 0.249837 0.138916 0.178711
24 0.713379 0.338216 0.114258 0.191406
12 0.525879 0.580729 0.125488 0.1875
30 0.421631 0.40804 0.137207 0.114909
22 0.469238 0.741211 0.131836 0.172526
19 0.640137 0.567057 0.145996 0.166016
16 0.700806 0.671549 0.144287 0.152344
28 0.608643 0.447428 0.139648 0.168294
27 0.80188 0.442546 0.140381 0.200846
23 0.337646 0.788737 0.133301 0.145182
34 0.424805 0.553874 0.101074 0.161133
29 0.798828 0.25765 0.152832 0.163086
