18 0.410645 0.14917 0.188477 0.132812
21 0.55306 0.269043 0.192708 0.143555
26 0.894694 0.504272 0.123372 0.140381
28 0.592611 0.557739 0.209961 0.1521
30 0.201335 0.62793 0.236654 0.137207
19 0.347819 0.734985 0.187174 0.158447
20 0.438314 0.614624 0.232747 0.135986
9 0.422689 0.465942 0.209961 0.134033
1 0.228027 0.447388 0.163086 0.162842
10 0.229492 0.280151 0.16862 0.157471
34 0.091471 0.362427 0.141927 0.1604
19 0.181478 0.085938 0.194336 0.167969
32 0.548014 0.401733 0.219727 0.154053
11 0.399251 0.289673 0.154622 0.146729
4 0.788737 0.408691 0.191406 0.150879
12 0.692383 0.332275 0.19401 0.155273
