6 0.552734 0.125488 0.106445 0.166992
8 0.426758 0.241536 0.117676 0.143229
17 0.115234 0.199056 0.126465 0.127279
23 0.073853 0.292969 0.109619 0.090495
24 0.091553 0.391602 0.12793 0.097005
3 0.327026 0.479818 0.113525 0.145182
19 0.25415 0.563477 0.125488 0.156901
2 0.411743 0.751302 0.127197 0.169271
21 0.534302 0.298177 0.132568 0.143229
23 0.64917 0.16862 0.115234 0.167318
5 0.739014 0.238444 0.134277 0.147461
25 0.588867 0.396322 0.131836 0.152669
31 0.649902 0.500814 0.135742 0.176758
31 0.581421 0.580729 0.132568 0.182943
32 0.471924 0.631185 0.12793 0.151693
18 0.533081 0.747721 0.109619 0.170573
13 0.44397 0.400553 0.123779 0.152669
2 0.495972 0.488932 0.122314 0.158854
25 0.375488 0.553548 0.124023 0.176758
29 0.46814 0.124512 0.105713 0.163086
29 0.366821 0.337077 0.100342 0.159831
