6 0.351929 0.097656 0.101807 0.126302
1 0.78186 0.547201 0.086182 0.134766
30 0.594849 0.517578 0.074463 0.126302
19 0.62085 0.395345 0.089844 0.108398
4 0.588135 0.325521 0.097168 0.107422
21 0.37561 0.389648 0.093994 0.117839
27 0.300659 0.338704 0.095459 0.116862
26 0.473145 0.592773 0.097168 0.114583
34 0.341675 0.213216 0.081299 0.124349
10 0.603149 0.632161 0.100342 0.098958
28 0.408936 0.677246 0.064941 0.120117
13 0.264038 0.567057 0.090088 0.100911
11 0.333008 0.638509 0.089355 0.08431
19 0.191162 0.661621 0.10498 0.111654
34 0.564453 0.933431 0.09375 0.132487
18 0.435791 0.487305 0.089844 0.098958
21 0.495972 0.381673 0.087646 0.118815
5 0.348755 0.536133 0.098877 0.104167
32 0.329346 0.735026 0.094727 0.090495
9 0.490479 0.731445 0.097168 0.121094
11 0.578003 0.194824 0.081299 0.127279
20 0.737061 0.422689 0.092285 0.106445
12 0.463013 0.282878 0.081299 0.121094
