27 0.101074 0.12972 0.091797 0.106445
1 0.301147 0.234701 0.090088 0.108724
10 0.666504 0.373372 0.089844 0.121094
21 0.709106 0.463542 0.075928 0.110677
15 0.650757 0.580078 0.085205 0.091797
29 0.207764 0.427409 0.097168 0.097005
17 0.315674 0.564941 0.070312 0.113607
15 0.378662 0.664714 0.067383 0.111328
26 0.379883 0.534505 0.071289 0.115885
9 0.556274 0.470378 0.093018 0.105469
28 0.501953 0.184408 0.086914 0.108398
43 0.583374 0.097656 0.079834 0.126302
28 0.359009 0.420573 0.072021 0.119141
28 0.431763 0.379069 0.075928 0.118164
24 0.423218 0.226237 0.082275 0.119141
19 0.371094 0.307129 0.074219 0.114909
3 0.659912 0.102865 0.09082 0.117839
16 0.628296 0.243164 0.052979 0.110677
11 0.568848 0.229004 0.060059 0.111654
20 0.45105 0.490885 0.065674 0.110677
9 0.192017 0.638509 0.090576 0.092773
4 0.188843 0.05778 0.089111 0.101237
30 0.386475 0.104492 0.083008 0.123047
44 0.295654 0.372884 0.053711 0.113607
32 0.74646 0.230957 0.098877 0.12207
31 0.668579 0.683105 0.093994 0.108398
