34 0.105591 0.460124 0.071045 0.092773
4 0.102661 0.675618 0.101318 0.091471
32 0.070557 0.818848 0.077637 0.104492
24 0.361084 0.447591 0.069336 0.108724
8 0.426636 0.451986 0.063721 0.097982
22 0.468506 0.556152 0.077637 0.099935
34 0.425293 0.628743 0.079102 0.091471
31 0.460815 0.76237 0.083252 0.08724
5 0.486816 0.670573 0.071777 0.103516
14 0.4823 0.451009 0.066162 0.111003
26 0.506348 0.38916 0.070312 0.097982
13 0.456299 0.304362 0.072754 0.102214
7 0.526245 0.280599 0.075928 0.09375
11 0.449707 0.09554 0.074219 0.088216
23 0.471802 0.192057 0.075928 0.097005
22 0.611694 0.275065 0.071045 0.09375
30 0.6427 0.364583 0.071045 0.092448
26 0.566895 0.384115 0.077637 0.098958
0 0.555908 0.460124 0.071777 0.090169
25 0.597412 0.537109 0.071777 0.092448
5 0.592529 0.039062 0.071777 0.070964
27 0.668213 0.17041 0.084961 0.101237
18 0.751221 0.249023 0.06543 0.108724
18 0.836304 0.342448 0.084229 0.106771
34 0.733765 0.342936 0.077393 0.101237
12 0.734253 0.481283 0.088135 0.096029
14 0.761475 0.577311 0.064453 0.099284
25 0.686157 0.638672 0.084717 0.106771
16 0.608521 0.643555 0.075928 0.103516
6 0.647461 0.731934 0.074219 0.096029
