20 0.523926 0.116048 0.067871 0.099935
11 0.47876 0.220052 0.0625 0.10026
31 0.852661 0.69987 0.087646 0.091797
18 0.606323 0.300781 0.052979 0.091797
30 0.540527 0.338542 0.075684 0.09375
6 0.275879 0.324056 0.060059 0.097982
13 0.745605 0.394368 0.070312 0.077148
1 0.658569 0.349772 0.071045 0.10319
34 0.444458 0.308757 0.071045 0.077799
18 0.430664 0.516113 0.063965 0.068685
23 0.492432 0.537109 0.066406 0.068359
17 0.47522 0.642578 0.071045 0.088542
19 0.254272 0.522461 0.068604 0.072917
27 0.225098 0.418945 0.078125 0.097005
13 0.341187 0.338704 0.077393 0.091471
8 0.331055 0.415365 0.075684 0.09375
20 0.314941 0.502604 0.056152 0.09375
31 0.322266 0.595866 0.072754 0.081055
27 0.391235 0.618978 0.068604 0.077148
32 0.622437 0.445638 0.064697 0.102214
32 0.584229 0.515137 0.07666 0.096029
21 0.522461 0.255859 0.080566 0.07487
22 0.487793 0.396484 0.066406 0.095703
30 0.552734 0.425944 0.071777 0.079102
10 0.693604 0.432617 0.063965 0.095052
12 0.649536 0.508789 0.067139 0.102214
19 0.692871 0.539714 0.06543 0.098958
0 0.550659 0.696777 0.06958 0.097982
7 0.540894 0.781738 0.072021 0.070638
12 0.462158 0.766602 0.071777 0.082031
21 0.358521 0.701986 0.063232 0.097982
1 0.439819 0.865234 0.049072 0.105469
24 0.489258 0.844238 0.064941 0.105143
7 0.455444 0.950358 0.075928 0.086263
4 0.365723 0.535645 0.066406 0.075846
2 0.375854 0.857422 0.077393 0.10612
