7 0.428589 0.542318 0.056885 0.09375
34 0.557495 0.562337 0.057861 0.070638
24 0.415283 0.721517 0.061523 0.094727
3 0.357422 0.753418 0.06543 0.097982
30 0.546387 0.159993 0.068848 0.097982
22 0.500366 0.180176 0.061768 0.096029
31 0.619751 0.212728 0.073486 0.087565
17 0.685303 0.1639 0.066406 0.082357
25 0.590942 0.100749 0.042725 0.092773
23 0.633789 0.13444 0.056152 0.097005
25 0.569946 0.646322 0.073486 0.089518
18 0.47876 0.257324 0.070312 0.092773
15 0.496338 0.773438 0.072754 0.083333
2 0.646484 0.621257 0.070312 0.106445
32 0.699951 0.728841 0.068848 0.105469
4 0.587769 0.808105 0.078857 0.096029
16 0.424316 0.834798 0.075195 0.09668
28 0.378662 0.865885 0.059082 0.104167
1 0.479858 0.85791 0.056885 0.09668
29 0.531494 0.862142 0.063965 0.113607
29 0.66333 0.818522 0.074219 0.091471
28 0.728027 0.906738 0.052246 0.106445
0 0.637329 0.746094 0.06958 0.085286
14 0.611816 0.878906 0.071777 0.103516
0 0.657837 0.927246 0.074463 0.111654
27 0.577515 0.936198 0.063232 0.095703
