28 0.285319 0.103516 0.077799 0.068848
31 0.472819 0.153564 0.072591 0.059082
5 0.422526 0.112671 0.089844 0.053467
14 0.324382 0.134033 0.074544 0.070312
22 0.253092 0.157227 0.09082 0.060547
29 0.680827 0.161499 0.06543 0.061279
3 0.675293 0.095947 0.092773 0.065918
9 0.525716 0.076416 0.066406 0.069824
15 0.550781 0.134399 0.073568 0.068115
10 0.372233 0.233643 0.086914 0.069824
1 0.219076 0.200073 0.089844 0.071045
21 0.103678 0.309082 0.099284 0.062012
17 0.124023 0.348022 0.097005 0.055908
32 0.178874 0.245361 0.10319 0.055176
30 0.183105 0.293823 0.107096 0.054443
11 0.050293 0.3927 0.087565 0.076416
30 0.440918 0.213013 0.069336 0.06665
20 0.385579 0.171875 0.088867 0.062012
11 0.306152 0.198242 0.094727 0.055176
8 0.32487 0.260254 0.069661 0.059082
13 0.260254 0.258789 0.074544 0.063477
16 0.529297 0.192383 0.089844 0.063477
25 0.600098 0.193604 0.070638 0.068848
34 0.498372 0.240845 0.05599 0.061279
7 0.571615 0.249268 0.078776 0.053711
9 0.429688 0.276367 0.071615 0.064941
26 0.474935 0.302612 0.068359 0.064209
15 0.531901 0.30957 0.064453 0.070312
27 0.608724 0.300049 0.075521 0.063477
19 0.68457 0.278931 0.080729 0.061279
27 0.711589 0.240479 0.073568 0.057617
4 0.734863 0.203857 0.075846 0.059082
32 0.755208 0.167603 0.077474 0.059814
30 0.649902 0.219849 0.060221 0.06665
34 0.264974 0.313721 0.091797 0.049805
31 0.3361 0.322876 0.06543 0.068115
28 0.409342 0.352295 0.087565 0.053711
2 0.485677 0.357544 0.087891 0.061279
20 0.575195 0.359863 0.079427 0.067383
21 0.669271 0.33252 0.066406 0.067383
27 0.729818 0.346802 0.083984 0.061279
34 0.800944 0.315308 0.081706 0.065186
0 0.768555 0.265625 0.073568 0.072754
6 0.152507 0.397583 0.09668 0.068115
23 0.232747 0.404907 0.080729 0.065674
11 0.212077 0.352295 0.085612 0.068848
28 0.907878 0.362183 0.077474 0.061279
9 0.845703 0.341187 0.069661 0.065186
7 0.806152 0.380127 0.081706 0.059082
18 0.861003 0.409546 0.083984 0.059814
1 0.810547 0.457153 0.080729 0.063721
13 0.756673 0.423584 0.088867 0.068359
24 0.670247 0.397949 0.076823 0.067383
5 0.61849 0.421997 0.068359 0.06665
12 0.283203 0.366821 0.077474 0.059814
6 0.418457 0.406006 0.069336 0.064941
12 0.341634 0.407593 0.086914 0.046631
14 0.355957 0.450684 0.092773 0.047363
30 0.266927 0.452881 0.095703 0.042969
13 0.178874 0.460571 0.070638 0.069092
12 0.108887 0.447632 0.09082 0.070557
10 0.560384 0.421997 0.060221 0.06958
20 0.486654 0.407837 0.085938 0.049072
2 0.150065 0.521973 0.071615 0.074219
23 0.193848 0.565918 0.081706 0.067383
25 0.267415 0.584106 0.084961 0.059814
25 0.311686 0.542969 0.092122 0.050781
21 0.307129 0.500366 0.084961 0.049072
31 0.231771 0.509033 0.078776 0.068359
32 0.401855 0.486206 0.088867 0.055908
1 0.463867 0.463989 0.082682 0.058838
10 0.559408 0.48584 0.088867 0.065918
19 0.638346 0.473511 0.089844 0.049072
18 0.711914 0.455566 0.082682 0.060547
17 0.435221 0.520874 0.084635 0.05835
3 0.509115 0.514038 0.089844 0.062744
14 0.616862 0.533081 0.087891 0.064209
18 0.704915 0.515503 0.092773 0.062744
17 0.769857 0.501831 0.082682 0.064209
16 0.8361 0.542603 0.054362 0.065186
8 0.829915 0.596069 0.088867 0.055908
4 0.753255 0.618896 0.073568 0.063477
22 0.756185 0.550659 0.089844 0.059814
0 0.627604 0.599854 0.086589 0.04834
31 0.688151 0.565796 0.089844 0.062744
7 0.565592 0.557129 0.092773 0.062012
23 0.491374 0.564331 0.088867 0.062744
24 0.441895 0.584961 0.097982 0.065918
32 0.368815 0.597168 0.089844 0.062988
26 0.2736 0.64209 0.074544 0.067383
26 0.211589 0.629883 0.078776 0.065918
34 0.131673 0.616211 0.087565 0.067383
22 0.08138 0.550659 0.084635 0.073486
4 0.216146 0.698608 0.091797 0.072021
2 0.347331 0.657471 0.071615 0.064453
5 0.491211 0.634521 0.082682 0.058105
6 0.544108 0.612061 0.09082 0.059082
28 0.602702 0.65625 0.06543 0.060547
24 0.602539 0.720337 0.071615 0.071045
17 0.68099 0.647583 0.083984 0.073486
3 0.594076 0.773438 0.084635 0.053711
16 0.499023 0.797119 0.089844 0.053711
27 0.50944 0.748535 0.098958 0.04834
29 0.385417 0.711914 0.082682 0.063477
29 0.472005 0.693726 0.082682 0.065186
15 0.53304 0.685547 0.086914 0.067383
29 0.860026 0.274414 0.09375 0.068848
0 0.623047 0.125977 0.087891 0.072754
