24 0.427856 0.25 0.064697 0.115885
13 0.356201 0.396973 0.091797 0.105143
18 0.465698 0.411621 0.093018 0.118164
5 0.496704 0.342285 0.087646 0.092773
31 0.557007 0.277669 0.071045 0.11263
2 0.655151 0.241048 0.086182 0.110352
20 0.662964 0.514974 0.072021 0.121094
14 0.705811 0.752441 0.086914 0.123372
17 0.622925 0.713053 0.073486 0.12207
8 0.520508 0.681966 0.07666 0.085286
24 0.439697 0.695638 0.061523 0.11263
13 0.316895 0.518229 0.072754 0.119141
31 0.281006 0.672689 0.09375 0.108398
34 0.239624 0.558105 0.075928 0.112956
23 0.388184 0.58903 0.078125 0.08431
7 0.445557 0.506673 0.078125 0.131836
27 0.545166 0.586426 0.074219 0.123372
19 0.577515 0.387533 0.090088 0.113607
21 0.595215 0.48877 0.089355 0.116862
12 0.342773 0.299316 0.064941 0.105143
30 0.486084 0.576986 0.072754 0.118815
32 0.505127 0.779297 0.093262 0.115885
32 0.387329 0.480957 0.081299 0.113607
