27 0.370483 0.054036 0.08374 0.102214
19 0.386597 0.162272 0.086182 0.081055
31 0.552368 0.316732 0.068115 0.11263
17 0.579956 0.500326 0.08374 0.091797
23 0.648682 0.612793 0.09082 0.108398
13 0.505859 0.149089 0.074219 0.119792
8 0.616089 0.134928 0.090088 0.106445
20 0.640869 0.227865 0.083008 0.082031
4 0.635864 0.3125 0.08374 0.09375
18 0.716431 0.300781 0.059326 0.11263
27 0.70752 0.400228 0.082031 0.08431
21 0.616455 0.419434 0.089355 0.099935
18 0.799927 0.485677 0.093994 0.104167
0 0.5448 0.705566 0.095459 0.111654
7 0.703125 0.716634 0.07959 0.123372
22 0.733032 0.145833 0.089111 0.126302
30 0.823608 0.300781 0.100342 0.123047
30 0.80835 0.404297 0.102539 0.105469
32 0.697632 0.475098 0.084717 0.087565
31 0.728271 0.580729 0.070312 0.115885
12 0.826416 0.13916 0.086914 0.123372
19 0.891724 0.172852 0.082275 0.13151
1 0.967407 0.07194 0.063232 0.108724
