1 0.282227 0.249512 0.11377 0.133789
10 0.687744 0.47054 0.108887 0.140951
30 0.394409 0.111328 0.103271 0.151693
26 0.359009 0.610677 0.089111 0.133464
23 0.271973 0.412272 0.079102 0.125326
29 0.160522 0.458496 0.108154 0.097982
15 0.660278 0.703451 0.0979 0.098958
31 0.667603 0.822266 0.108154 0.136719
32 0.793701 0.319661 0.109863 0.139974
28 0.525635 0.229492 0.101074 0.119141
24 0.432129 0.259277 0.098633 0.138997
17 0.279053 0.638021 0.071289 0.123047
15 0.348022 0.759766 0.081299 0.13151
27 0.059326 0.089844 0.110352 0.141927
28 0.428589 0.437337 0.091553 0.133789
28 0.338501 0.476888 0.078369 0.126302
9 0.126221 0.708333 0.108887 0.104167
20 0.441284 0.569661 0.06958 0.125
9 0.565308 0.570801 0.101807 0.125326
21 0.731934 0.578613 0.074219 0.120117
4 0.626831 0.1486 0.081299 0.135742
3 0.710205 0.160156 0.100098 0.127604
16 0.66333 0.316569 0.071289 0.127279
11 0.599976 0.291992 0.073486 0.128255
19 0.361694 0.343913 0.091553 0.144206
