24 0.500732 0.22526 0.063965 0.104167
31 0.626709 0.208984 0.07666 0.098958
1 0.658569 0.392741 0.056885 0.10319
21 0.570068 0.449544 0.070312 0.088542
4 0.329834 0.44694 0.0625 0.09375
6 0.223999 0.702637 0.063232 0.10319
18 0.299561 0.741862 0.052246 0.10612
21 0.457397 0.442057 0.074951 0.098958
21 0.484985 0.605957 0.072021 0.075846
5 0.599121 0.598633 0.078125 0.107422
11 0.529907 0.68099 0.073486 0.102214
9 0.589233 0.793783 0.08374 0.092773
11 0.54126 0.898275 0.066406 0.118815
26 0.458496 0.917318 0.080566 0.110677
19 0.400391 0.727214 0.067871 0.104167
18 0.368774 0.62321 0.068115 0.068685
10 0.295532 0.523438 0.06958 0.07487
34 0.303833 0.592285 0.068604 0.063477
27 0.377563 0.536621 0.049072 0.094727
19 0.412842 0.344564 0.072754 0.08431
32 0.479492 0.519368 0.078125 0.079102
20 0.42981 0.603841 0.057861 0.098958
30 0.277832 0.652669 0.06543 0.08138
12 0.23645 0.572266 0.063232 0.105469
12 0.581421 0.282389 0.064697 0.113607
28 0.46814 0.712402 0.056885 0.106445
