24 0.335693 0.183757 0.082031 0.10319
6 0.539307 0.23584 0.075195 0.081055
12 0.668823 0.38737 0.063232 0.115885
14 0.492065 0.406901 0.082764 0.102214
14 0.722046 0.716634 0.086182 0.104492
24 0.634277 0.699382 0.086914 0.10319
26 0.557739 0.643717 0.06958 0.113607
13 0.502319 0.72347 0.067139 0.113607
34 0.407104 0.60026 0.093994 0.09375
6 0.38501 0.498372 0.085938 0.091797
8 0.307373 0.420573 0.085449 0.09375
29 0.17627 0.317546 0.085938 0.108398
5 0.221558 0.784017 0.085205 0.097982
5 0.18811 0.547526 0.064209 0.102214
25 0.17981 0.702637 0.088623 0.12207
34 0.258545 0.564941 0.071289 0.08431
27 0.279419 0.688477 0.073486 0.121094
2 0.277832 0.87207 0.09082 0.110677
11 0.44043 0.711914 0.064941 0.107422
16 0.349487 0.769694 0.086182 0.113607
22 0.344849 0.652669 0.079834 0.110677
22 0.325928 0.541341 0.070312 0.102214
3 0.257812 0.493652 0.080566 0.092773
25 0.311646 0.306641 0.079834 0.115885
12 0.450806 0.212565 0.08374 0.110677
23 0.536865 0.459961 0.07666 0.105469
18 0.395996 0.386393 0.07666 0.107422
2 0.589722 0.567057 0.086182 0.103516
31 0.688232 0.495117 0.063965 0.110677
7 0.216431 0.405762 0.086182 0.087565
