24 0.593262 0.230957 0.061523 0.101237
3 0.534668 0.200033 0.049805 0.104492
2 0.81665 0.396484 0.056152 0.104167
3 0.447144 0.454102 0.074951 0.09375
34 0.794067 0.265137 0.068115 0.104492
25 0.759399 0.337565 0.061768 0.114583
15 0.62793 0.354492 0.075684 0.104167
1 0.566895 0.38916 0.07666 0.097982
28 0.483765 0.301921 0.061768 0.104492
26 0.337402 0.483561 0.074219 0.106445
17 0.264038 0.480306 0.077393 0.097982
7 0.280518 0.557617 0.080566 0.103516
6 0.259399 0.663086 0.082275 0.11263
23 0.235352 0.752441 0.085938 0.104492
27 0.302612 0.713053 0.08374 0.09082
1 0.369141 0.814941 0.068848 0.10319
8 0.567749 0.611165 0.079834 0.099284
28 0.718506 0.671549 0.086914 0.104167
27 0.588989 0.538737 0.079834 0.107422
26 0.463379 0.629069 0.058594 0.101237
22 0.341309 0.603678 0.074219 0.10319
16 0.292358 0.881022 0.08374 0.111654
9 0.106934 0.81071 0.071777 0.118164
10 0.506226 0.76237 0.082764 0.100911
4 0.525635 0.677246 0.080566 0.109701
16 0.537842 0.3125 0.04834 0.102214
0 0.75 0.470866 0.072754 0.108398
32 0.804688 0.525553 0.068848 0.110352
29 0.724854 0.546549 0.080566 0.091797
29 0.598022 0.447266 0.075928 0.069661
7 0.703613 0.129069 0.080566 0.10319
14 0.652344 0.538086 0.050781 0.102214
0 0.654785 0.61849 0.074219 0.073568
4 0.673218 0.462565 0.070557 0.08724
