27 0.412964 0.31722 0.091553 0.10319
13 0.206909 0.498861 0.093994 0.10319
8 0.251465 0.416341 0.091797 0.119141
21 0.172729 0.325521 0.094971 0.117839
30 0.532593 0.218913 0.063232 0.110352
13 0.725952 0.327637 0.060791 0.113607
7 0.614502 0.518229 0.096191 0.114583
23 0.488159 0.516113 0.064209 0.118815
22 0.395142 0.727214 0.095459 0.119141
20 0.487061 0.807454 0.066406 0.120117
10 0.723511 0.194173 0.093994 0.12207
1 0.666504 0.104492 0.086914 0.121094
17 0.312866 0.144368 0.08374 0.118815
19 0.489624 0.063477 0.081299 0.121094
20 0.606689 0.058268 0.085449 0.110677
21 0.375122 0.13444 0.08667 0.115885
18 0.40979 0.210612 0.090088 0.104167
34 0.101807 0.212077 0.075684 0.113607
27 0.071899 0.321289 0.093018 0.128255
10 0.17395 0.580729 0.072021 0.115885
31 0.339722 0.423828 0.091553 0.11263
32 0.287231 0.329264 0.101807 0.099935
32 0.666992 0.416341 0.097168 0.119141
30 0.72998 0.50293 0.092285 0.090495
18 0.675537 0.602865 0.098633 0.115885
0 0.385376 0.851725 0.090088 0.12207
