4 0.267578 0.191569 0.07666 0.116862
3 0.371948 0.140625 0.06958 0.117839
32 0.589722 0.263672 0.095459 0.115885
20 0.526733 0.364421 0.073486 0.120117
28 0.497681 0.455729 0.067139 0.122396
9 0.741699 0.527181 0.098633 0.12207
28 0.649658 0.549154 0.09082 0.097005
21 0.740479 0.64681 0.094727 0.100911
19 0.564575 0.556478 0.089111 0.113607
15 0.454224 0.635742 0.079834 0.121094
31 0.475586 0.740723 0.092285 0.106445
15 0.364014 0.730306 0.072754 0.116862
23 0.207764 0.555013 0.081543 0.091797
30 0.214478 0.466146 0.090088 0.088542
16 0.251099 0.408366 0.089111 0.092773
28 0.369507 0.271484 0.08374 0.119141
24 0.282104 0.516602 0.063232 0.105469
1 0.383301 0.450033 0.09082 0.106445
17 0.342041 0.51709 0.072754 0.114909
29 0.255005 0.696615 0.087646 0.13151
10 0.494385 0.261393 0.084473 0.090495
11 0.477417 0.162272 0.090088 0.112956
9 0.369995 0.625326 0.065674 0.10026
