6 0.549805 0.278198 0.108073 0.082764
26 0.897135 0.331299 0.093099 0.077148
19 0.360026 0.402954 0.093099 0.083252
2 0.318359 0.475098 0.111328 0.075195
14 0.176432 0.4552 0.108073 0.052002
21 0.335612 0.638794 0.091146 0.078857
24 0.419434 0.64978 0.081706 0.081299
19 0.518717 0.642212 0.092773 0.05835
13 0.499023 0.46521 0.10612 0.062744
21 0.522786 0.376221 0.088542 0.083496
21 0.649414 0.386597 0.102214 0.069092
18 0.427246 0.311768 0.109049 0.07666
34 0.44694 0.407959 0.104167 0.068848
34 0.496745 0.723755 0.108073 0.074951
1 0.656576 0.580811 0.110026 0.071289
5 0.402181 0.499512 0.081706 0.078125
27 0.48877 0.516357 0.097982 0.065918
9 0.763346 0.486084 0.067708 0.075684
19 0.929199 0.495361 0.094076 0.083496
5 0.596029 0.345093 0.104818 0.06665
18 0.582194 0.442627 0.079753 0.077148
11 0.566895 0.541138 0.081706 0.077393
19 0.661133 0.51709 0.104818 0.065918
4 0.76123 0.308472 0.081706 0.080322
30 0.844238 0.510254 0.09082 0.081055
11 0.670736 0.454102 0.097982 0.059082
20 0.270508 0.409424 0.109375 0.068848
12 0.697266 0.333496 0.089844 0.074219
32 0.745117 0.396118 0.091797 0.075928
28 0.815755 0.409546 0.084635 0.074951
20 0.868652 0.437622 0.092773 0.073486
12 0.420573 0.574585 0.110026 0.055908
31 0.377767 0.744019 0.101888 0.065186
