34 0.282104 0.277181 0.08374 0.12207
26 0.08606 0.423665 0.061768 0.108398
17 0.737793 0.508626 0.112793 0.116862
8 0.525513 0.493652 0.107178 0.140951
24 0.603516 0.193848 0.115234 0.135742
7 0.576782 0.3125 0.075928 0.150391
16 0.444336 0.245605 0.094727 0.10319
3 0.429077 0.358561 0.100342 0.114909
3 0.427856 0.480469 0.105713 0.11263
14 0.383057 0.59082 0.101074 0.121094
27 0.409058 0.742025 0.0979 0.144206
0 0.28418 0.719238 0.092285 0.101237
28 0.359375 0.287598 0.071289 0.130534
5 0.723999 0.157552 0.124756 0.141276
29 0.826782 0.236328 0.113037 0.160156
29 0.306274 0.529297 0.093994 0.117839
30 0.909912 0.146484 0.14209 0.188151
30 0.769653 0.066732 0.140381 0.129557
1 0.506226 0.131836 0.072021 0.129557
26 0.449585 0.692546 0.095459 0.146159
4 0.522339 0.686198 0.099365 0.150391
1 0.556274 0.842122 0.126221 0.153646
10 0.627563 0.719889 0.122314 0.135742
9 0.636963 0.492025 0.085938 0.135742
2 0.515747 0.2736 0.086182 0.150716
32 0.568359 0.602702 0.10498 0.151367
4 0.423218 0.142415 0.090088 0.116862
