11 0.288818 0.267741 0.092285 0.124023
30 0.498779 0.48877 0.074219 0.123372
20 0.53772 0.287272 0.082764 0.123372
10 0.684937 0.386882 0.087646 0.127279
31 0.60437 0.67627 0.08374 0.09082
14 0.518799 0.813802 0.084473 0.126302
7 0.652344 0.767578 0.086914 0.097005
34 0.071045 0.646322 0.074219 0.094076
27 0.067505 0.762858 0.079834 0.110352
6 0.125488 0.407389 0.088379 0.073893
17 0.262573 0.494629 0.090088 0.109701
12 0.323975 0.463216 0.101074 0.115885
12 0.20459 0.409505 0.07666 0.115885
18 0.733887 0.832682 0.097168 0.117839
27 0.40271 0.635417 0.093018 0.126302
32 0.282227 0.691406 0.088379 0.085286
21 0.168457 0.733398 0.098633 0.11263
18 0.374023 0.530273 0.098633 0.117839
13 0.715332 0.529785 0.077637 0.125326
32 0.681396 0.639486 0.086914 0.124023
30 0.766968 0.706217 0.092529 0.087565
8 0.268799 0.79541 0.082031 0.125326
31 0.351929 0.769694 0.095459 0.10319
13 0.240112 0.894206 0.100342 0.091797
4 0.356567 0.325033 0.059326 0.110352
19 0.419189 0.339193 0.071289 0.115885
1 0.604736 0.321452 0.09082 0.120117
