6 0.450806 0.300781 0.077393 0.11263
26 0.692505 0.35026 0.077393 0.083333
20 0.769653 0.530762 0.078857 0.096029
21 0.464478 0.409017 0.082764 0.106445
5 0.431396 0.473633 0.083008 0.109375
11 0.424438 0.565918 0.087646 0.094727
24 0.395508 0.663086 0.066406 0.102214
19 0.462524 0.693034 0.068115 0.105469
18 0.51062 0.630697 0.071045 0.108398
11 0.584595 0.633626 0.08374 0.089518
10 0.577881 0.769694 0.092285 0.11556
34 0.653076 0.747233 0.072754 0.106445
28 0.705078 0.475098 0.071289 0.108398
1 0.704712 0.591146 0.068604 0.107422
32 0.582153 0.496582 0.08374 0.120117
9 0.647217 0.598633 0.067383 0.105469
19 0.811401 0.624186 0.068115 0.114909
30 0.73584 0.68571 0.088379 0.120117
27 0.360229 0.463053 0.071045 0.113607
21 0.201904 0.550781 0.064941 0.10026
21 0.266846 0.597005 0.067383 0.104167
18 0.298706 0.492513 0.085205 0.092448
12 0.33252 0.606934 0.086914 0.10319
12 0.536133 0.372884 0.084473 0.094727
4 0.624756 0.411133 0.079102 0.108724
31 0.258545 0.69515 0.079102 0.080404
