28 0.242798 0.277181 0.08667 0.101237
17 0.28894 0.186361 0.065674 0.106445
30 0.367554 0.69401 0.087646 0.117839
8 0.226318 0.469401 0.074219 0.111328
25 0.378662 0.346029 0.085938 0.091797
11 0.451538 0.392741 0.085205 0.105143
23 0.558228 0.542806 0.081299 0.092773
7 0.492554 0.620117 0.077393 0.091797
27 0.370361 0.599609 0.088379 0.090495
9 0.14563 0.526042 0.067139 0.098958
34 0.146729 0.693197 0.091797 0.08431
15 0.245117 0.824707 0.088379 0.116862
16 0.606201 0.72347 0.084473 0.128581
6 0.490479 0.498861 0.054688 0.105143
31 0.522827 0.374349 0.092529 0.10612
2 0.385742 0.508301 0.09375 0.08431
10 0.258179 0.727214 0.084717 0.104167
12 0.216797 0.56071 0.085449 0.073893
13 0.453979 0.741374 0.077393 0.09668
20 0.418823 0.810059 0.089111 0.099935
32 0.68103 0.610189 0.057861 0.113607
20 0.296021 0.379069 0.081299 0.10319
14 0.225586 0.125 0.080566 0.100911
13 0.139648 0.27474 0.075684 0.083333
