18 0.475586 0.246745 0.111328 0.124349
18 0.583862 0.395508 0.119873 0.158854
0 0.296387 0.177083 0.101074 0.102214
1 0.426758 0.089844 0.120605 0.133464
7 0.281006 0.28776 0.078125 0.132812
16 0.755859 0.671549 0.125488 0.119141
17 0.661011 0.513021 0.102783 0.167318
14 0.556274 0.54541 0.104248 0.163086
24 0.393311 0.415853 0.072754 0.140951
34 0.297607 0.429525 0.10498 0.128581
28 0.174805 0.356445 0.10498 0.11263
5 0.344727 0.549642 0.112793 0.096029
10 0.302246 0.654297 0.10498 0.115885
0 0.383789 0.663086 0.080566 0.146484
7 0.472778 0.628418 0.10083 0.108398
19 0.461304 0.499349 0.079834 0.148438
31 0.478271 0.737142 0.108887 0.118164
8 0.583008 0.807129 0.101074 0.163086
22 0.629517 0.67627 0.119873 0.157878
4 0.481812 0.879883 0.117432 0.172526
27 0.245605 0.524577 0.084473 0.154622
9 0.171143 0.483073 0.107422 0.132812
13 0.377441 0.277832 0.082031 0.146159
29 0.18689 0.614258 0.118408 0.145182
