6 0.681885 0.1014 0.131836 0.152669
27 0.846069 0.260417 0.107178 0.189453
30 0.260864 0.233073 0.119873 0.124349
34 0.29834 0.354492 0.081543 0.139974
15 0.373901 0.173828 0.092529 0.171224
3 0.492432 0.371745 0.11377 0.170573
28 0.509399 0.198079 0.128662 0.163086
24 0.59082 0.246257 0.123047 0.173503
19 0.62915 0.351237 0.126953 0.150391
16 0.672363 0.44515 0.131836 0.157878
26 0.207397 0.843099 0.121338 0.162109
25 0.312622 0.92985 0.136475 0.133789
2 0.425171 0.83431 0.144287 0.158854
25 0.494141 0.712891 0.135742 0.134766
31 0.379028 0.688802 0.118408 0.151693
21 0.449219 0.574382 0.137207 0.164388
2 0.314819 0.565592 0.109619 0.163086
26 0.252197 0.694661 0.093262 0.156901
22 0.233398 0.527669 0.086914 0.158854
4 0.170776 0.659505 0.098877 0.155599
13 0.392822 0.472493 0.120605 0.151367
12 0.397949 0.326009 0.120117 0.146159
32 0.53772 0.464681 0.114502 0.175456
29 0.584229 0.585938 0.117676 0.174479
29 0.728271 0.279297 0.139648 0.170573
23 0.301392 0.784993 0.108154 0.171549
