6 0.570801 0.28304 0.07666 0.085612
24 0.429077 0.803223 0.057861 0.094727
2 0.097534 0.515625 0.057861 0.090495
5 0.072998 0.422038 0.07666 0.094727
14 0.580688 0.762858 0.074463 0.099935
12 0.564575 0.499349 0.073486 0.095703
7 0.373535 0.422201 0.072754 0.097005
14 0.454712 0.41276 0.068115 0.078125
25 0.258179 0.197917 0.076416 0.095703
5 0.333374 0.361816 0.05835 0.091471
3 0.276733 0.443685 0.06958 0.072917
34 0.230225 0.388021 0.072754 0.095703
25 0.438477 0.109701 0.07666 0.095703
8 0.46875 0.318685 0.074219 0.10026
23 0.342407 0.552897 0.072021 0.097982
16 0.137207 0.432617 0.074219 0.105469
6 0.316895 0.664225 0.066406 0.104492
13 0.352295 0.743978 0.075684 0.096029
25 0.433716 0.257324 0.073486 0.082357
27 0.380615 0.309733 0.079102 0.092773
26 0.330566 0.265137 0.070312 0.097982
11 0.167236 0.553385 0.071289 0.082031
34 0.220825 0.591797 0.06958 0.085286
22 0.289307 0.591634 0.074219 0.089518
26 0.375977 0.631022 0.072754 0.101237
2 0.233765 0.518717 0.081299 0.08431
18 0.200317 0.453613 0.071045 0.09082
22 0.163696 0.330241 0.079834 0.091471
31 0.419678 0.693685 0.07666 0.104167
