15 0.137695 0.15446 0.106445 0.113607
17 0.466797 0.26888 0.09082 0.155599
16 0.796875 0.490397 0.134766 0.183268
6 0.401123 0.405924 0.120117 0.123047
31 0.213379 0.594889 0.10498 0.142253
13 0.335327 0.591146 0.117432 0.124349
25 0.243164 0.463542 0.119141 0.121094
2 0.130615 0.447917 0.109863 0.146484
23 0.187256 0.266764 0.103516 0.105143
34 0.282104 0.244303 0.090088 0.144206
28 0.522461 0.586589 0.123047 0.150391
3 0.590088 0.722982 0.130859 0.165365
19 0.733887 0.77181 0.133301 0.179036
21 0.31604 0.708333 0.119873 0.121094
2 0.368408 0.806478 0.124023 0.126628
32 0.43689 0.665202 0.115967 0.110352
12 0.388916 0.512533 0.120605 0.128581
30 0.327515 0.140299 0.123779 0.139974
24 0.540527 0.432129 0.105957 0.146159
16 0.77356 0.165853 0.091553 0.166341
27 0.878296 0.14388 0.118408 0.162109
29 0.644897 0.597493 0.123779 0.166341
29 0.556641 0.831543 0.128418 0.168294
25 0.633423 0.907227 0.141846 0.160156
