17 0.822876 0.158691 0.081299 0.138997
8 0.346069 0.240072 0.08374 0.087565
30 0.217651 0.511393 0.078857 0.084635
10 0.131714 0.496745 0.077393 0.107422
24 0.155762 0.245117 0.089355 0.104167
8 0.116821 0.089193 0.085205 0.105469
6 0.166504 0.15804 0.094727 0.104492
5 0.233398 0.108724 0.093262 0.11263
34 0.28186 0.050944 0.100342 0.089518
6 0.400391 0.360189 0.080566 0.107747
14 0.431885 0.538086 0.074219 0.110677
28 0.479858 0.490397 0.074463 0.109701
23 0.099487 0.301921 0.090088 0.101888
21 0.039551 0.358724 0.074219 0.11263
20 0.0896 0.439941 0.089355 0.109701
9 0.147095 0.368652 0.086182 0.113607
12 0.192383 0.427897 0.085449 0.104492
0 0.258545 0.405924 0.093262 0.102214
23 0.365234 0.57015 0.078125 0.073893
17 0.214966 0.587402 0.087646 0.079102
11 0.212524 0.280924 0.087646 0.10026
11 0.321899 0.335124 0.079834 0.08431
10 0.349487 0.430013 0.081299 0.108724
30 0.830811 0.80485 0.097168 0.127279
12 0.293579 0.48877 0.087646 0.079102
31 0.292847 0.57015 0.067139 0.10319
15 0.75708 0.779622 0.086914 0.13151
28 0.92688 0.735026 0.073486 0.115885
12 0.929199 0.847819 0.089355 0.116862
34 0.867798 0.879557 0.072021 0.110677
13 0.448975 0.28418 0.056152 0.10612
32 0.238037 0.345378 0.089844 0.111328
19 0.90686 0.941732 0.078857 0.115885
23 0.812866 0.945801 0.092041 0.107747
32 0.097534 0.193359 0.063232 0.119792
