28 0.616943 0.146973 0.101074 0.130534
11 0.609497 0.285645 0.093994 0.09668
25 0.494873 0.213216 0.066406 0.117839
16 0.42749 0.326497 0.081543 0.124349
31 0.588867 0.3986 0.07666 0.125326
29 0.518921 0.484049 0.100342 0.115885
15 0.739746 0.543457 0.066406 0.131836
30 0.723145 0.708333 0.088379 0.095703
30 0.642212 0.706217 0.063232 0.125326
5 0.576782 0.695638 0.068115 0.129557
23 0.570801 0.57015 0.103516 0.109701
24 0.487427 0.60498 0.093994 0.130534
24 0.435425 0.649577 0.087646 0.135742
20 0.327881 0.155924 0.091797 0.123047
6 0.265625 0.224609 0.080566 0.115885
27 0.147949 0.173828 0.057617 0.11263
31 0.190918 0.287272 0.080566 0.123372
6 0.125854 0.361165 0.078369 0.08431
25 0.065674 0.492513 0.066406 0.117839
22 0.120728 0.490397 0.06958 0.120117
18 0.175537 0.458333 0.07666 0.114583
22 0.191528 0.552734 0.08374 0.102214
8 0.218384 0.632161 0.077393 0.115885
7 0.275146 0.587565 0.072754 0.123047
14 0.345215 0.590169 0.094727 0.119792
23 0.257446 0.418457 0.081299 0.110352
22 0.220337 0.361328 0.079834 0.117839
0 0.299438 0.464681 0.090088 0.123372
3 0.242798 0.723145 0.090088 0.097982
17 0.275513 0.791178 0.095459 0.099935
28 0.507446 0.738281 0.06958 0.124349
16 0.587402 0.816569 0.09082 0.106445
16 0.593628 0.935059 0.079834 0.123372
1 0.531494 0.91569 0.078125 0.136719
26 0.473145 0.872233 0.075195 0.125326
0 0.386108 0.694661 0.091553 0.123047
10 0.311279 0.279948 0.088379 0.123047
2 0.350708 0.361328 0.074463 0.117839
9 0.419556 0.451009 0.093994 0.123372
12 0.370728 0.497721 0.095459 0.122396
15 0.483398 0.388509 0.097168 0.113607
29 0.321167 0.705241 0.086182 0.116862
