15 0.338501 0.237305 0.101807 0.153646
28 0.452271 0.310384 0.116943 0.142253
6 0.619629 0.205241 0.124023 0.144206
21 0.477783 0.657389 0.10498 0.164388
30 0.224731 0.347982 0.105713 0.158854
34 0.275879 0.440592 0.110352 0.135742
22 0.281006 0.593262 0.100098 0.147461
13 0.361328 0.550781 0.120605 0.150391
3 0.43335 0.451009 0.130859 0.15918
31 0.378296 0.68099 0.119873 0.127604
25 0.577515 0.728353 0.132568 0.152669
16 0.665405 0.532389 0.122314 0.168294
27 0.818115 0.330241 0.089355 0.180013
24 0.551147 0.337728 0.119385 0.163086
19 0.617676 0.428874 0.134277 0.173503
32 0.520386 0.503092 0.123779 0.157878
29 0.566162 0.612793 0.138184 0.173503
29 0.707153 0.330241 0.128662 0.202799
12 0.351929 0.387533 0.101807 0.157878
2 0.40271 0.851074 0.126221 0.163086
