6 0.223145 0.108236 0.093262 0.09082
34 0.348267 0.194661 0.075928 0.121094
8 0.401123 0.336589 0.091797 0.129557
21 0.403076 0.15918 0.089355 0.129557
30 0.658325 0.358561 0.079834 0.135742
13 0.306641 0.422689 0.067871 0.112956
27 0.140381 0.423828 0.080566 0.11263
31 0.416138 0.552409 0.08374 0.126302
17 0.515015 0.713542 0.101807 0.119141
7 0.709473 0.82373 0.112793 0.135742
0 0.567627 0.92513 0.09082 0.105469
23 0.62439 0.768717 0.086182 0.132487
31 0.679443 0.681641 0.103516 0.134766
19 0.198364 0.520345 0.101807 0.118815
22 0.511719 0.268717 0.063965 0.120117
20 0.46167 0.406901 0.094727 0.110677
30 0.686646 0.451497 0.095459 0.100911
18 0.708252 0.538249 0.094727 0.097982
18 0.559082 0.430501 0.09082 0.124023
27 0.590576 0.528646 0.10498 0.121094
21 0.5177 0.602214 0.090088 0.09375
12 0.590088 0.212565 0.079102 0.121094
19 0.664185 0.200684 0.063232 0.130534
32 0.505859 0.121257 0.066406 0.133789
1 0.691406 0.064616 0.084473 0.116862
10 0.74646 0.133301 0.098877 0.140951
13 0.821289 0.189453 0.071777 0.13151
