3 0.282444 0.23035 0.083116 0.15767
8 0.325629 0.419508 0.077474 0.141098
17 0.817383 0.353693 0.07053 0.161932
5 0.861979 0.279119 0.072917 0.160511
4 0.784505 0.187027 0.067274 0.155303
22 0.736003 0.248343 0.072266 0.15767
25 0.558485 0.184422 0.070964 0.171875
15 0.49056 0.272727 0.066623 0.159091
34 0.467339 0.67661 0.05447 0.150568
5 0.526042 0.679214 0.067274 0.136837
8 0.569987 0.383286 0.068359 0.166193
13 0.629123 0.368134 0.074219 0.160511
27 0.55306 0.521307 0.061415 0.149621
31 0.635417 0.62429 0.062934 0.113163
32 0.72602 0.684186 0.066623 0.174242
32 0.761176 0.612689 0.065321 0.159091
11 0.726671 0.489347 0.041016 0.13589
0 0.67947 0.464252 0.051215 0.149148
1 0.653863 0.272727 0.078125 0.140152
16 0.647569 0.102746 0.055122 0.15625
15 0.708442 0.115294 0.073568 0.156723
20 0.71365 0.34233 0.078776 0.153409
27 0.847656 0.520833 0.05816 0.161932
6 0.798503 0.717803 0.069661 0.135417
24 0.836806 0.812973 0.073785 0.164773
19 0.61339 0.505919 0.059679 0.15767
6 0.516168 0.899621 0.064019 0.164773
9 0.642144 0.744081 0.068576 0.118845
4 0.417101 0.256155 0.071615 0.167614
30 0.510959 0.450284 0.052734 0.141098
11 0.421332 0.582623 0.059679 0.177557
29 0.463108 0.415483 0.059028 0.160511
