8 0.376221 0.20166 0.098633 0.105143
34 0.256958 0.268229 0.099365 0.110677
15 0.192871 0.391276 0.103516 0.129557
10 0.410156 0.504557 0.067383 0.133464
30 0.474365 0.602702 0.099609 0.08431
6 0.392456 0.872559 0.116943 0.132487
16 0.45752 0.706706 0.111328 0.124349
27 0.505371 0.485026 0.097168 0.134766
2 0.459717 0.347656 0.098633 0.128255
13 0.56189 0.368164 0.0979 0.11263
14 0.774414 0.342285 0.082031 0.138997
17 0.731934 0.56543 0.107422 0.138021
11 0.729614 0.739909 0.112061 0.139974
23 0.599976 0.758138 0.108154 0.138672
7 0.625977 0.621094 0.083008 0.13151
25 0.605103 0.513509 0.091553 0.101237
9 0.452271 0.11084 0.093018 0.133789
26 0.928345 0.126628 0.082764 0.139974
12 0.524292 0.275716 0.100342 0.123047
13 0.100342 0.657878 0.101074 0.133464
20 0.090454 0.406901 0.095459 0.11263
