34 0.280273 0.247233 0.089355 0.144206
18 0.534912 0.16862 0.108887 0.110677
8 0.772827 0.135091 0.124756 0.167318
5 0.511719 0.412109 0.106445 0.110677
17 0.328613 0.385254 0.099609 0.092773
2 0.419678 0.452637 0.09082 0.132487
31 0.631104 0.416341 0.101074 0.156901
15 0.736694 0.442546 0.126221 0.154622
7 0.525146 0.275065 0.112793 0.105469
22 0.254272 0.466797 0.068604 0.141927
25 0.169922 0.477376 0.097168 0.116862
31 0.214844 0.598633 0.097168 0.151693
23 0.447998 0.62793 0.103516 0.155599
3 0.540161 0.641602 0.115967 0.166016
25 0.658203 0.66748 0.126953 0.163086
19 0.886963 0.737142 0.149902 0.128581
30 0.82959 0.542969 0.129395 0.182943
27 0.396362 0.755046 0.090088 0.138997
29 0.518066 0.879883 0.112793 0.164062
16 0.342041 0.493164 0.102539 0.09375
34 0.423218 0.31722 0.104248 0.094727
29 0.738647 0.593424 0.136475 0.162109
