34 0.56604 0.67041 0.079834 0.114909
34 0.621338 0.836426 0.07666 0.123372
20 0.578369 0.468913 0.086914 0.114909
23 0.677979 0.247721 0.084473 0.107422
22 0.533447 0.350749 0.071289 0.109701
0 0.481812 0.437988 0.059326 0.10319
24 0.284546 0.40332 0.082275 0.098958
6 0.207275 0.480306 0.086914 0.106445
23 0.393921 0.667806 0.08374 0.092773
18 0.807129 0.432617 0.075195 0.115885
6 0.464478 0.63737 0.092529 0.105469
8 0.245117 0.61377 0.072754 0.101888
7 0.235718 0.710286 0.091553 0.09375
12 0.394775 0.508138 0.064941 0.107422
25 0.083008 0.559082 0.079102 0.108398
18 0.048706 0.68099 0.089111 0.085286
3 0.116089 0.760742 0.090088 0.08138
2 0.318726 0.701497 0.079834 0.107422
10 0.371094 0.828125 0.066406 0.11263
27 0.473633 0.852051 0.080566 0.116862
25 0.488525 0.747233 0.093262 0.108398
22 0.3125 0.566081 0.09082 0.105469
29 0.055054 0.81429 0.093994 0.096029
7 0.790527 0.325033 0.07666 0.110352
30 0.88855 0.383789 0.091553 0.114583
31 0.801147 0.238932 0.091553 0.110677
32 0.870117 0.282389 0.089355 0.101237
13 0.949219 0.247884 0.082031 0.12207
27 0.696899 0.046712 0.074951 0.091471
13 0.470703 0.06722 0.07666 0.11556
10 0.415771 0.107096 0.070312 0.109375
14 0.32312 0.458822 0.077393 0.086263
5 0.411255 0.916667 0.08374 0.090495
5 0.508667 0.93457 0.081299 0.098958
12 0.655518 0.950846 0.088379 0.095703
31 0.598877 0.09082 0.072754 0.11263
30 0.827515 0.050944 0.086182 0.096029
22 0.15979 0.544922 0.074951 0.107422
