6 0.356201 0.255208 0.129395 0.151693
8 0.19519 0.473633 0.128662 0.128255
31 0.332642 0.450521 0.134033 0.182943
21 0.447144 0.300944 0.123779 0.180013
5 0.607422 0.262044 0.143555 0.179688
2 0.721313 0.327148 0.122314 0.188151
18 0.88623 0.37321 0.157715 0.200846
14 0.819336 0.566406 0.157715 0.177734
7 0.612549 0.611165 0.144531 0.149414
30 0.431885 0.656901 0.101074 0.169271
3 0.297119 0.809733 0.137207 0.157878
16 0.283325 0.347493 0.114502 0.166341
19 0.422363 0.480306 0.123047 0.171549
15 0.620483 0.446289 0.13501 0.19987
32 0.522461 0.388509 0.135742 0.208008
24 0.071045 0.083008 0.135742 0.162109
18 0.060059 0.702474 0.11377 0.170573
12 0.293579 0.653809 0.130127 0.19043
