1 0.741333 0.506673 0.104248 0.125326
27 0.506226 0.717773 0.108154 0.123047
5 0.38855 0.809082 0.104248 0.148112
17 0.42395 0.501953 0.06958 0.128255
34 0.297974 0.278809 0.090088 0.135742
10 0.342041 0.423177 0.101074 0.147135
8 0.465698 0.320801 0.085205 0.146159
4 0.5 0.540202 0.070312 0.127279
14 0.3479 0.609538 0.10498 0.135742
15 0.18689 0.546061 0.10083 0.101237
23 0.848877 0.596354 0.119141 0.136719
24 0.816895 0.339681 0.094727 0.129232
28 0.832275 0.213216 0.07666 0.124349
0 0.32312 0.740885 0.107178 0.139974
4 0.814209 0.070964 0.103516 0.110677
16 0.952759 0.098633 0.093994 0.124349
11 0.910645 0.165365 0.105957 0.138021
28 0.937866 0.426432 0.122314 0.145182
28 0.928833 0.551758 0.112061 0.123047
29 0.829956 0.763835 0.103271 0.154622
29 0.145142 0.236328 0.096436 0.126302
30 0.69165 0.315104 0.093262 0.143229
29 0.182617 0.682943 0.092285 0.139974
30 0.233032 0.753906 0.095459 0.143229
28 0.214111 0.307129 0.098633 0.125326
28 0.939819 0.424805 0.116943 0.13151
19 0.844116 0.456868 0.111084 0.128581
3 0.275146 0.514648 0.093262 0.145182
9 0.378662 0.299805 0.07959 0.14388
32 0.462158 0.196777 0.097168 0.106445
28 0.939819 0.420573 0.119873 0.127604
