34 0.357422 0.303385 0.095703 0.115885
27 0.275024 0.342773 0.091553 0.102214
6 0.553101 0.280924 0.08667 0.125
11 0.719727 0.442708 0.07666 0.123047
17 0.545166 0.507161 0.074219 0.128255
12 0.333008 0.469889 0.07666 0.127279
8 0.326782 0.634766 0.093994 0.089844
13 0.241211 0.627441 0.075684 0.125326
27 0.494385 0.749837 0.103516 0.111654
4 0.707397 0.558268 0.0979 0.102214
19 0.721191 0.652018 0.092285 0.088542
21 0.595215 0.577148 0.075195 0.121094
18 0.565674 0.668457 0.093262 0.118815
20 0.800415 0.787598 0.099365 0.10319
30 0.640503 0.816895 0.099365 0.130534
19 0.167236 0.650553 0.110352 0.114909
1 0.804321 0.897949 0.08667 0.138997
31 0.382202 0.737142 0.074463 0.11556
32 0.407837 0.606445 0.082764 0.13151
