28 0.462524 0.520182 0.063232 0.09375
17 0.434204 0.671061 0.05835 0.105143
26 0.451904 0.807454 0.059082 0.10319
23 0.362061 0.782878 0.070312 0.076823
28 0.097046 0.576009 0.075928 0.077148
9 0.688477 0.52181 0.074219 0.078125
28 0.825195 0.396973 0.05127 0.101237
28 0.690186 0.380208 0.052246 0.098958
45 0.209717 0.483561 0.080566 0.089518
46 0.33606 0.381673 0.073486 0.060221
6 0.38623 0.526042 0.072754 0.113932
40 0.275146 0.839681 0.082031 0.097982
8 0.212158 0.571777 0.079102 0.096029
17 0.255737 0.636882 0.079834 0.097982
14 0.182129 0.697266 0.080566 0.082031
34 0.670898 0.073405 0.070312 0.08431
10 0.746826 0.407389 0.072754 0.075846
4 0.718872 0.185872 0.086182 0.086589
15 0.841675 0.198405 0.067139 0.109701
19 0.652344 0.233724 0.077637 0.10026
15 0.966187 0.319661 0.067139 0.110677
2 0.308594 0.235677 0.06543 0.104167
31 0.918579 0.204915 0.078857 0.111654
3 0.122314 0.708333 0.063477 0.10026
15 0.036499 0.589681 0.068115 0.081055
0 0.137695 0.903646 0.084473 0.091797
21 0.770874 0.311361 0.076416 0.085612
24 0.707886 0.279948 0.082764 0.110677
30 0.780273 0.083496 0.084473 0.110352
29 0.10498 0.81543 0.071289 0.102214
29 0.577515 0.282552 0.078857 0.098958
16 0.840088 0.047363 0.09082 0.082357
30 0.104614 0.967122 0.086182 0.065104
5 0.197754 0.958659 0.092773 0.082031
22 0.525879 0.093913 0.057617 0.106445
6 0.350342 0.443685 0.078125 0.085286
