8 0.625217 0.447443 0.079427 0.177083
1 0.739692 0.438447 0.077474 0.170455
20 0.747396 0.258286 0.090278 0.15767
28 0.807834 0.168324 0.067925 0.181345
5 0.667969 0.56179 0.074219 0.149148
6 0.779405 0.641098 0.080078 0.185606
16 0.511936 0.26018 0.06467 0.178504
23 0.488064 0.107008 0.076823 0.137311
34 0.438477 0.281013 0.080078 0.178504
27 0.423177 0.47964 0.081163 0.141098
20 0.478407 0.545691 0.081814 0.148201
3 0.468207 0.796402 0.074436 0.15625
18 0.661241 0.322206 0.081163 0.183239
34 0.578016 0.724669 0.066623 0.166193
21 0.8023 0.34446 0.086372 0.163352
32 0.701823 0.681581 0.076823 0.169034
32 0.516385 0.650095 0.069661 0.137311
27 0.493056 0.405777 0.079427 0.152462
27 0.559462 0.496922 0.071615 0.153883
11 0.580187 0.315814 0.077474 0.176136
29 0.748372 0.826941 0.094835 0.133996
11 0.633789 0.678741 0.057075 0.166193
