7 0.705078 0.558105 0.067871 0.106445
1 0.638916 0.584961 0.088379 0.086589
30 0.747192 0.462077 0.073486 0.109701
5 0.772827 0.699382 0.063232 0.09668
14 0.558594 0.610189 0.066406 0.075846
22 0.632202 0.662598 0.079834 0.09082
15 0.457031 0.608073 0.091797 0.107422
3 0.515259 0.316569 0.08374 0.099935
28 0.696899 0.285645 0.065674 0.07194
22 0.5625 0.35026 0.080566 0.095703
25 0.613647 0.446289 0.06958 0.103516
2 0.670532 0.445312 0.071045 0.107422
3 0.78418 0.610677 0.083008 0.068359
21 0.769287 0.545085 0.078125 0.067383
13 0.682983 0.35612 0.075928 0.069661
26 0.459351 0.419596 0.078857 0.085286
32 0.53772 0.450521 0.073486 0.078125
12 0.469727 0.500326 0.086914 0.091797
13 0.508179 0.550293 0.077393 0.113607
29 0.343628 0.537109 0.046143 0.10612
31 0.578369 0.516113 0.086914 0.116862
