8 0.505445 0.296332 0.108428 0.078776
8 0.798532 0.296766 0.149148 0.083984
27 0.410748 0.230686 0.131155 0.075521
34 0.450047 0.370768 0.124527 0.068359
16 0.642992 0.265842 0.149621 0.048611
22 0.669981 0.3852 0.122159 0.072483
30 0.794981 0.40842 0.133523 0.052951
20 0.885417 0.481879 0.128788 0.054905
26 0.745502 0.455946 0.137784 0.050781
24 0.60464 0.506076 0.149621 0.064236
5 0.690341 0.550022 0.140152 0.048828
3 0.703835 0.601128 0.153883 0.049913
20 0.547112 0.58214 0.147254 0.065321
32 0.536932 0.650282 0.140152 0.071398
0 0.407434 0.560872 0.160511 0.07053
34 0.322917 0.587674 0.144886 0.074653
23 0.145833 0.40842 0.192235 0.071615
18 0.107481 0.31033 0.151515 0.077691
31 0.36553 0.401259 0.144886 0.067274
1 0.401752 0.460178 0.149148 0.048828
28 0.550426 0.364041 0.117898 0.067491
9 0.741004 0.505642 0.14678 0.059028
20 0.559422 0.582031 0.153883 0.069444
27 0.483902 0.523112 0.151515 0.063151
27 0.205729 0.516385 0.153883 0.068359
13 0.255208 0.45855 0.144886 0.068576
21 0.522254 0.436849 0.120265 0.064236
32 0.628314 0.324761 0.138258 0.073568
11 0.539299 0.224935 0.158144 0.087023
