8 0.279785 0.50765 0.110352 0.144206
30 0.322021 0.219889 0.111328 0.144206
31 0.240479 0.264648 0.11377 0.153646
14 0.383423 0.471517 0.123779 0.149414
30 0.368042 0.722005 0.121338 0.160807
6 0.516113 0.798991 0.124512 0.149414
26 0.631104 0.710286 0.130859 0.156901
23 0.495605 0.317708 0.124512 0.148438
7 0.401489 0.262533 0.100342 0.157878
8 0.054688 0.380208 0.108887 0.126302
3 0.7677 0.464681 0.131592 0.17806
31 0.71106 0.629069 0.128662 0.170247
7 0.578735 0.874186 0.130127 0.142253
14 0.409058 0.874186 0.104248 0.166992
28 0.460571 0.515625 0.111084 0.155599
28 0.465698 0.682617 0.112061 0.151693
4 0.523193 0.563314 0.107422 0.171549
32 0.580322 0.247396 0.145996 0.175781
22 0.311768 0.393229 0.117676 0.158854
1 0.653076 0.506673 0.143555 0.17806
5 0.344727 0.591146 0.125488 0.155599
29 0.579468 0.404785 0.145752 0.175456
21 0.695679 0.303548 0.138916 0.168294
