8 0.614692 0.737216 0.070964 0.160985
27 0.502279 0.649621 0.051866 0.141098
5 0.547309 0.445312 0.048611 0.142519
24 0.604709 0.465672 0.065321 0.116004
7 0.606662 0.59446 0.065321 0.106534
3 0.371745 0.404356 0.057726 0.158144
21 0.434028 0.419034 0.06467 0.173295
28 0.413954 0.57339 0.062717 0.161932
26 0.448459 0.680161 0.05013 0.169034
32 0.480252 0.500473 0.078125 0.149621
32 0.607639 0.281723 0.06467 0.152462
34 0.667318 0.220644 0.055122 0.152462
16 0.713325 0.602746 0.056424 0.159091
27 0.662869 0.439867 0.060113 0.150568
11 0.668294 0.620739 0.053168 0.161932
9 0.491862 0.348722 0.08572 0.15767
14 0.394206 0.143939 0.061415 0.152462
20 0.551215 0.589489 0.053819 0.149621
27 0.7551 0.524621 0.068359 0.167614
22 0.498481 0.839489 0.068576 0.123106
34 0.56326 0.761364 0.069227 0.164773
28 0.557617 0.929924 0.066623 0.139205
19 0.96148 0.645597 0.076606 0.164299
