3 0.519287 0.199544 0.151367 0.201823
28 0.358643 0.151693 0.129395 0.186198
30 0.269165 0.35498 0.144287 0.168294
14 0.23584 0.521973 0.115234 0.174805
7 0.25061 0.680501 0.126221 0.138997
5 0.327515 0.510417 0.12085 0.18099
4 0.395264 0.628418 0.133301 0.207357
26 0.428589 0.80013 0.140381 0.162109
31 0.561401 0.770671 0.122314 0.212565
2 0.706299 0.643717 0.155273 0.149414
24 0.64917 0.216309 0.14502 0.151367
3 0.857544 0.587077 0.115967 0.195638
21 0.69751 0.823242 0.139648 0.193359
34 0.683838 0.338704 0.149902 0.152669
18 0.593262 0.493001 0.123047 0.19043
1 0.518799 0.570801 0.126953 0.19043
32 0.485718 0.380697 0.100342 0.173503
22 0.382568 0.323405 0.111328 0.166341
29 0.708984 0.488281 0.135742 0.193359
15 0.822388 0.391602 0.140381 0.220703
28 0.364502 0.163411 0.138184 0.194661
14 0.24353 0.526042 0.119873 0.189453
28 0.36145 0.156576 0.156982 0.189453
