7 0.46875 0.540202 0.108887 0.125326
6 0.70874 0.28304 0.160156 0.183919
30 0.145142 0.236328 0.0979 0.147135
28 0.212524 0.203776 0.127197 0.166016
25 0.381836 0.289388 0.116211 0.121094
15 0.613281 0.200684 0.139648 0.168294
21 0.731079 0.475749 0.145264 0.178711
18 0.62793 0.368001 0.14502 0.171549
23 0.348022 0.15446 0.115967 0.166341
5 0.227051 0.52653 0.064941 0.146159
26 0.290894 0.548177 0.064697 0.162109
30 0.432617 0.678874 0.110352 0.173503
22 0.536987 0.651042 0.122314 0.132812
32 0.486938 0.796549 0.123291 0.160807
13 0.7052 0.664714 0.112061 0.18099
16 0.605103 0.526042 0.124756 0.172526
28 0.203003 0.359049 0.086182 0.155599
10 0.063599 0.310872 0.093994 0.134766
10 0.111328 0.380046 0.094727 0.149414
34 0.495605 0.425781 0.118164 0.121094
3 0.564087 0.080404 0.140381 0.156901
27 0.152588 0.509928 0.084473 0.106445
30 0.124756 0.768717 0.093262 0.166341
2 0.282593 0.397461 0.108154 0.133464
19 0.496338 0.298828 0.123047 0.10026
12 0.383789 0.40332 0.110352 0.124349
12 0.483398 0.150065 0.125488 0.164062
24 0.224731 0.058268 0.116943 0.11263
13 0.369995 0.537109 0.074951 0.152344
3 0.428223 0.08252 0.138184 0.161133
