17 0.858643 0.416341 0.135742 0.13151
24 0.78772 0.607422 0.140381 0.138021
26 0.73938 0.450033 0.103271 0.180013
23 0.904785 0.55957 0.111328 0.18099
30 0.598389 0.887207 0.155273 0.187174
6 0.731934 0.822266 0.137207 0.19987
8 0.669189 0.614909 0.119141 0.186198
1 0.561035 0.615397 0.135742 0.142904
21 0.468018 0.423665 0.120117 0.142253
23 0.192017 0.214681 0.115967 0.142253
25 0.139648 0.406413 0.115234 0.109701
18 0.121582 0.578125 0.107422 0.156901
25 0.293701 0.775879 0.125488 0.157878
5 0.435425 0.648926 0.122314 0.130534
3 0.330566 0.578613 0.126953 0.151367
15 0.418823 0.907715 0.098877 0.180013
34 0.458984 0.177409 0.117676 0.172526
7 0.622803 0.765462 0.150879 0.187174
16 0.514038 0.085612 0.130127 0.165365
19 0.540894 0.286133 0.119385 0.173828
18 0.359009 0.261068 0.115967 0.148438
18 0.262207 0.383789 0.119141 0.141927
31 0.218384 0.613281 0.105713 0.179036
22 0.173096 0.791341 0.095703 0.177734
13 0.230957 0.298665 0.12793 0.152669
2 0.33374 0.438965 0.139648 0.161784
31 0.511719 0.517253 0.138184 0.138021
29 0.621582 0.431641 0.137207 0.134766
32 0.462158 0.772298 0.124023 0.146159
27 0.638916 0.227865 0.093262 0.155599
29 0.346436 0.15446 0.117676 0.120117
12 0.754761 0.279297 0.138916 0.145182
