15 0.588108 0.135653 0.055122 0.124527
24 0.527561 0.276278 0.055122 0.133049
8 0.414605 0.303504 0.062717 0.120265
34 0.435547 0.459991 0.055122 0.133049
17 0.496311 0.586884 0.056424 0.124527
34 0.337023 0.54285 0.050781 0.125473
5 0.173611 0.471828 0.056858 0.136837
23 0.189562 0.607008 0.078776 0.125947
16 0.22602 0.537879 0.05447 0.143939
30 0.221246 0.414299 0.064019 0.096591
1 0.250868 0.299716 0.055556 0.141098
19 0.318576 0.333333 0.065972 0.129735
31 0.282227 0.434422 0.055773 0.131155
0 0.287543 0.574811 0.06033 0.117424
27 0.366102 0.421165 0.057726 0.124527
25 0.324219 0.735085 0.046875 0.131155
21 0.380425 0.674479 0.06467 0.133049
20 0.256619 0.769413 0.067057 0.14678
15 0.337674 0.902936 0.072483 0.135417
11 0.395725 0.810369 0.055773 0.142519
32 0.433702 0.698864 0.046224 0.150568
4 0.388021 0.524858 0.063368 0.112216
15 0.463976 0.348485 0.06467 0.141098
28 0.50803 0.389915 0.045573 0.136837
29 0.376953 0.19697 0.052517 0.132576
16 0.521484 0.148201 0.063368 0.132576
