15 0.512451 0.434733 0.111328 0.105143
31 0.297485 0.603841 0.109619 0.107422
31 0.184937 0.801758 0.062256 0.127604
27 0.787476 0.38265 0.122314 0.173503
16 0.675537 0.184245 0.109863 0.148438
34 0.583374 0.2264 0.093994 0.135742
19 0.658325 0.366048 0.115967 0.152669
2 0.499146 0.318197 0.111084 0.13444
25 0.369141 0.404297 0.10498 0.119792
3 0.521606 0.555501 0.085205 0.132487
28 0.285767 0.401693 0.092529 0.123047
25 0.388428 0.474121 0.108887 0.129232
17 0.363281 0.717285 0.116699 0.12207
31 0.516479 0.700033 0.114502 0.163086
21 0.600342 0.476725 0.094727 0.147461
23 0.411377 0.558105 0.120117 0.142253
32 0.438477 0.645833 0.109863 0.134766
26 0.382202 0.840495 0.109131 0.09375
3 0.189331 0.396973 0.090088 0.111654
34 0.252197 0.137044 0.080566 0.08138
34 0.130981 0.095703 0.082275 0.088542
4 0.095215 0.184896 0.084473 0.080078
10 0.072266 0.275716 0.061035 0.09375
14 0.067993 0.372396 0.085205 0.083333
23 0.388428 0.046224 0.094727 0.084635
13 0.386108 0.113444 0.0979 0.10319
22 0.276367 0.733073 0.09082 0.143229
30 0.172241 0.660482 0.093994 0.098958
18 0.379883 0.20638 0.094727 0.09375
18 0.488892 0.204264 0.087646 0.091471
12 0.206665 0.459798 0.091553 0.111654
12 0.735474 0.604329 0.123779 0.131836
2 0.389282 0.289388 0.0979 0.09375
29 0.605103 0.622233 0.082275 0.144206
12 0.301514 0.285645 0.089355 0.099284
29 0.504639 0.117676 0.092285 0.094727
18 0.223511 0.543945 0.100342 0.111328
22 0.304199 0.504557 0.107422 0.119141
