15 0.752279 0.14607 0.060113 0.153883
17 0.72385 0.308949 0.057075 0.14536
19 0.748155 0.484612 0.057075 0.148201
2 0.84668 0.617424 0.067925 0.14678
24 0.878038 0.847775 0.051215 0.142519
8 0.547418 0.143939 0.042318 0.138258
8 0.60829 0.256155 0.069878 0.125947
21 0.577257 0.604167 0.055122 0.128788
13 0.642795 0.386364 0.067274 0.138258
30 0.672092 0.507339 0.069878 0.130208
5 0.58214 0.746922 0.063585 0.149148
27 0.534288 0.680871 0.06467 0.123106
11 0.421658 0.734375 0.078125 0.14678
6 0.517687 0.889205 0.072266 0.141098
9 0.640842 0.772017 0.065972 0.113163
6 0.700521 0.78054 0.06901 0.118845
1 0.647895 0.870028 0.060981 0.100852
31 0.677951 0.629261 0.06467 0.125947
4 0.626194 0.638258 0.055773 0.14678
3 0.134983 0.163352 0.074219 0.155303
34 0.577365 0.483665 0.061415 0.127367
29 0.551758 0.377131 0.069227 0.128314
32 0.77832 0.723958 0.064019 0.153409
