7 0.46167 0.600586 0.108887 0.162109
30 0.132568 0.712402 0.124512 0.127279
27 0.287354 0.115397 0.092285 0.12207
19 0.355103 0.182129 0.108154 0.154622
6 0.417236 0.37028 0.111328 0.116862
28 0.522827 0.371745 0.092529 0.160156
16 0.576782 0.494629 0.126221 0.170247
18 0.649536 0.582845 0.137939 0.183268
34 0.483765 0.759766 0.112061 0.177734
3 0.394409 0.837402 0.101807 0.173503
24 0.280273 0.656901 0.111328 0.160807
7 0.109741 0.516113 0.088623 0.148112
31 0.193237 0.506185 0.105713 0.145182
14 0.175171 0.421712 0.105713 0.146159
25 0.14209 0.316569 0.086914 0.127279
18 0.137329 0.183268 0.064697 0.123047
14 0.372803 0.289714 0.116699 0.134766
23 0.297607 0.41276 0.106445 0.145182
29 0.237305 0.282389 0.102539 0.166341
9 0.608276 0.217285 0.140381 0.168294
13 0.236084 0.583171 0.119141 0.163086
12 0.343994 0.711914 0.138184 0.182943
12 0.223511 0.092936 0.109619 0.142253
24 0.466797 0.160156 0.10498 0.129557
19 0.442017 0.478353 0.146729 0.137695
