28 0.746094 0.228353 0.093262 0.161133
26 0.700439 0.388997 0.088379 0.167318
23 0.514526 0.184408 0.119873 0.135742
14 0.498291 0.31543 0.097168 0.148438
13 0.409302 0.139648 0.122314 0.160156
25 0.387695 0.438477 0.107422 0.158854
7 0.42041 0.596029 0.075195 0.150391
22 0.399902 0.746094 0.131836 0.154948
1 0.341675 0.585938 0.089111 0.157552
30 0.307739 0.359049 0.108154 0.143229
31 0.526733 0.457845 0.079834 0.149414
3 0.607422 0.574382 0.082031 0.164388
15 0.605835 0.711426 0.127686 0.123372
18 0.711792 0.705078 0.095459 0.148438
16 0.722778 0.534993 0.128662 0.129232
34 0.51416 0.780599 0.112793 0.158854
2 0.212524 0.329753 0.109619 0.16862
29 0.612915 0.404785 0.0979 0.161133
12 0.507812 0.587565 0.114258 0.119141
12 0.356567 0.237305 0.100342 0.151693
