8 0.784071 0.641098 0.053819 0.155303
1 0.837023 0.609848 0.053819 0.150568
8 0.620768 0.754025 0.071832 0.121686
23 0.745551 0.773201 0.069661 0.141098
30 0.462457 0.836648 0.072917 0.128788
6 0.554362 0.689157 0.074436 0.148201
20 0.473307 0.613163 0.067708 0.14678
26 0.422309 0.533144 0.052517 0.153409
3 0.404731 0.400095 0.063368 0.138258
28 0.482856 0.450284 0.071615 0.14678
5 0.513455 0.26089 0.052517 0.158144
9 0.589193 0.251894 0.071181 0.120265
27 0.74783 0.226089 0.074219 0.166193
0 0.780924 0.364583 0.084418 0.161932
16 0.676215 0.558239 0.075521 0.114583
31 0.644965 0.663352 0.078125 0.135417
22 0.517578 0.544981 0.06467 0.141098
21 0.543837 0.377841 0.06467 0.110795
32 0.612413 0.372396 0.075521 0.107481
32 0.669162 0.261127 0.065321 0.166193
24 0.709418 0.388258 0.075521 0.106061
27 0.749457 0.530303 0.076172 0.128788
34 0.708225 0.693419 0.061415 0.151042
11 0.588542 0.585938 0.06467 0.136837
27 0.573785 0.476799 0.069878 0.113636
13 0.816406 0.452415 0.081163 0.169981
20 0.648546 0.456439 0.070964 0.123106
29 0.600369 0.879972 0.071832 0.139678
34 0.734701 0.067945 0.092665 0.131155
