16 0.561401 0.617025 0.106689 0.181966
9 0.590942 0.245768 0.137451 0.166016
28 0.524414 0.443685 0.133301 0.186198
23 0.341187 0.593262 0.126221 0.170247
30 0.112427 0.777018 0.136475 0.147135
7 0.101929 0.579102 0.090088 0.158854
14 0.193604 0.548665 0.120605 0.148112
31 0.227417 0.629557 0.117432 0.150391
24 0.37793 0.769206 0.120605 0.167318
24 0.455811 0.62793 0.112793 0.189453
14 0.518799 0.77653 0.139648 0.137695
31 0.177856 0.113932 0.101807 0.123047
18 0.136841 0.285156 0.087646 0.148438
27 0.314575 0.249349 0.118408 0.141927
19 0.368774 0.351725 0.119873 0.157878
4 0.437012 0.454102 0.133301 0.165365
25 0.172729 0.428385 0.121338 0.145182
29 0.375122 0.152344 0.132568 0.143229
29 0.235718 0.348633 0.135498 0.164062
12 0.244019 0.180176 0.108154 0.163086
13 0.282593 0.729329 0.113037 0.173503
