16 0.74646 0.487305 0.106689 0.162109
28 0.782227 0.331868 0.130859 0.168294
26 0.72522 0.226725 0.114502 0.166341
23 0.647217 0.185872 0.117676 0.153646
13 0.532593 0.22998 0.113525 0.151367
2 0.408691 0.234212 0.10498 0.142904
14 0.444824 0.296549 0.09082 0.139974
31 0.490112 0.371745 0.110596 0.151693
32 0.52478 0.458822 0.112061 0.159831
1 0.52478 0.609701 0.124756 0.139974
0 0.679077 0.67513 0.148193 0.143229
34 0.596802 0.563802 0.122314 0.136719
25 0.419189 0.563314 0.101074 0.154622
15 0.216064 0.639486 0.11377 0.132487
22 0.519165 0.72819 0.126221 0.148438
22 0.634644 0.469889 0.12085 0.152669
12 0.59021 0.311849 0.091553 0.145182
3 0.67627 0.359049 0.125488 0.170573
29 0.145508 0.484701 0.070312 0.13151
13 0.571289 0.086751 0.107422 0.125326
