8 0.422201 0.205966 0.047526 0.13447
6 0.54796 0.115294 0.059028 0.151042
6 0.510308 0.255208 0.047526 0.143939
21 0.472331 0.513731 0.059679 0.114583
30 0.430556 0.689867 0.071615 0.126894
15 0.37207 0.655777 0.053168 0.161932
17 0.564019 0.491241 0.057726 0.136837
32 0.541341 0.604877 0.05447 0.133049
25 0.410373 0.585227 0.062066 0.143939
1 0.354601 0.418797 0.059028 0.09517
27 0.306966 0.42732 0.051866 0.125473
1 0.316189 0.633286 0.053819 0.139678
19 0.28049 0.557528 0.061415 0.130208
0 0.344076 0.537879 0.057075 0.143939
11 0.508138 0.699574 0.072266 0.149148
28 0.548611 0.363873 0.061632 0.118845
15 0.46951 0.312973 0.058811 0.120265
16 0.483832 0.171165 0.059679 0.125473
27 0.393229 0.34446 0.062066 0.138731
31 0.301649 0.132102 0.06033 0.125947
29 0.360026 0.25 0.060764 0.143939
20 0.370226 0.838305 0.048177 0.142519
34 0.464084 0.868845 0.050564 0.13447
4 0.443902 0.415483 0.069227 0.121686
34 0.500434 0.420455 0.059462 0.123106
