8 0.649414 0.732481 0.067925 0.173295
20 0.64822 0.323627 0.070312 0.130208
28 0.79503 0.218513 0.081814 0.156723
23 0.523329 0.113163 0.076172 0.135417
16 0.512261 0.242661 0.060113 0.171875
34 0.440104 0.249763 0.062934 0.151989
3 0.416558 0.691288 0.065321 0.129735
18 0.514757 0.770597 0.076823 0.149148
32 0.511936 0.638258 0.060764 0.152462
20 0.461589 0.560369 0.06467 0.130208
21 0.615668 0.471117 0.074219 0.143939
5 0.569444 0.534091 0.067274 0.141098
5 0.708116 0.763731 0.074219 0.132576
1 0.722873 0.650805 0.074219 0.149148
34 0.666992 0.558949 0.060981 0.149148
11 0.568468 0.362689 0.065321 0.143939
20 0.435004 0.831203 0.075738 0.14536
27 0.427083 0.461411 0.067274 0.15767
27 0.473958 0.37358 0.072917 0.152462
27 0.507704 0.44839 0.067925 0.161932
34 0.552192 0.691998 0.057075 0.142519
7 0.607422 0.639678 0.072917 0.143939
11 0.726128 0.408617 0.072917 0.155303
