8 0.714233 0.327148 0.144287 0.173828
17 0.542847 0.315592 0.08374 0.154622
26 0.417725 0.419108 0.115234 0.111654
34 0.309692 0.371094 0.119873 0.139974
23 0.569336 0.452148 0.125488 0.119141
16 0.366089 0.199544 0.122314 0.145182
27 0.43457 0.29248 0.083008 0.144206
25 0.675903 0.647461 0.126221 0.138021
15 0.628296 0.757161 0.127197 0.145182
5 0.76062 0.777507 0.144287 0.19043
3 0.676758 0.498698 0.110352 0.164062
24 0.553467 0.558105 0.117676 0.129232
19 0.450806 0.542969 0.08374 0.155599
6 0.528198 0.692057 0.093994 0.162109
21 0.489258 0.84375 0.123047 0.117188
2 0.284546 0.644206 0.132568 0.169271
29 0.199829 0.479329 0.108154 0.161133
18 0.241577 0.553548 0.109619 0.149414
29 0.44043 0.704102 0.079102 0.158854
13 0.357788 0.744629 0.078857 0.168294
12 0.575562 0.172363 0.096924 0.168294
