8 0.505208 0.429451 0.06033 0.160985
17 0.360026 0.123106 0.067274 0.082386
30 0.570421 0.321496 0.04362 0.128788
34 0.621745 0.354877 0.046875 0.153883
31 0.486762 0.170455 0.06033 0.102273
8 0.623915 0.741951 0.070312 0.161932
7 0.274089 0.419034 0.055122 0.153409
28 0.27322 0.545691 0.056858 0.119792
0 0.329427 0.582623 0.06467 0.118845
0 0.391927 0.633996 0.06467 0.138258
20 0.349501 0.723958 0.060113 0.164773
19 0.308919 0.768466 0.058377 0.153409
5 0.271593 0.857718 0.058811 0.148201
0 0.212565 0.538116 0.053168 0.149148
2 0.224718 0.413352 0.069661 0.123106
5 0.269314 0.235085 0.065972 0.136837
3 0.315647 0.31179 0.071832 0.14536
1 0.29872 0.159328 0.070964 0.15483
5 0.365994 0.25947 0.064019 0.107955
8 0.379774 0.51018 0.060764 0.110322
7 0.455404 0.605587 0.062717 0.117424
2 0.452908 0.493608 0.06901 0.124527
6 0.404405 0.76018 0.066623 0.156723
1 0.368273 0.857008 0.071181 0.149621
32 0.456706 0.774148 0.046224 0.15625
16 0.573134 0.803267 0.06467 0.112216
27 0.51161 0.802083 0.060113 0.117424
9 0.407444 0.922822 0.060113 0.153409
22 0.387478 0.366004 0.073568 0.137311
15 0.445204 0.384706 0.067925 0.118845
15 0.426324 0.226089 0.053168 0.13589
27 0.412652 0.091619 0.064019 0.100852
4 0.535807 0.169744 0.052517 0.122633
13 0.518338 0.288826 0.059679 0.149621
21 0.585286 0.182765 0.039062 0.143939
32 0.265842 0.661222 0.057726 0.136837
11 0.232096 0.299716 0.065321 0.14678
11 0.611545 0.09375 0.068576 0.138258
14 0.492839 0.06179 0.068576 0.10464
27 0.243815 0.06392 0.069661 0.123106
11 0.329102 0.453125 0.048828 0.135417
