8 0.590169 0.719934 0.07053 0.148201
8 0.438911 0.460938 0.041016 0.139678
30 0.525391 0.320786 0.044271 0.127367
34 0.578016 0.350616 0.041016 0.133996
17 0.314996 0.195549 0.064019 0.099432
15 0.333225 0.28054 0.062283 0.08286
13 0.470486 0.293087 0.06467 0.143939
21 0.534939 0.184896 0.049479 0.133996
15 0.385525 0.42803 0.063585 0.099432
5 0.328125 0.384233 0.045573 0.128314
3 0.265842 0.437027 0.061632 0.150568
31 0.432509 0.191288 0.06033 0.116477
23 0.223416 0.614583 0.072266 0.132576
20 0.206272 0.499053 0.07487 0.132576
22 0.325521 0.497633 0.056858 0.102273
11 0.315647 0.622869 0.04362 0.127367
25 0.371853 0.648201 0.065321 0.143939
26 0.278646 0.750237 0.049913 0.14536
6 0.325846 0.776989 0.067925 0.114583
27 0.433051 0.800663 0.065321 0.114583
16 0.495334 0.78054 0.064887 0.124527
9 0.338976 0.923769 0.060764 0.129735
27 0.361328 0.133523 0.065972 0.131629
6 0.435004 0.070312 0.062717 0.121686
4 0.485135 0.174006 0.055773 0.139678
29 0.637261 0.612689 0.064019 0.161932
20 0.390408 0.547112 0.075521 0.128314
11 0.560113 0.084754 0.070312 0.117424
32 0.380751 0.806818 0.048828 0.14678
