7 0.418091 0.787598 0.122314 0.137044
17 0.354614 0.223796 0.102783 0.149414
31 0.673218 0.338704 0.136475 0.171549
23 0.576294 0.197428 0.128662 0.161784
23 0.425537 0.548177 0.079102 0.153646
3 0.439697 0.199544 0.072754 0.134766
16 0.755127 0.137695 0.138184 0.153646
18 0.609009 0.418945 0.124756 0.162109
24 0.529053 0.494141 0.117676 0.169271
18 0.513672 0.318197 0.108887 0.113607
18 0.749878 0.572266 0.146729 0.172526
27 0.885742 0.571289 0.139648 0.197917
31 0.550781 0.653158 0.120117 0.157878
14 0.327026 0.631999 0.118408 0.130534
4 0.088013 0.595866 0.095459 0.127279
34 0.117554 0.445801 0.099365 0.142253
29 0.27832 0.195312 0.088379 0.147135
26 0.275024 0.348145 0.104248 0.129232
25 0.376709 0.342448 0.12793 0.143229
2 0.451172 0.419434 0.097168 0.116862
25 0.2771 0.458333 0.114258 0.127604
10 0.195557 0.499186 0.083496 0.144206
19 0.182983 0.764486 0.104248 0.124023
28 0.254517 0.722493 0.08374 0.142904
13 0.419312 0.088216 0.105713 0.088542
14 0.118408 0.869466 0.110352 0.128255
12 0.219482 0.881022 0.0625 0.151367
2 0.331421 0.778646 0.086182 0.158854
15 0.395996 0.917318 0.106445 0.150391
34 0.439331 0.677897 0.123779 0.133789
12 0.712524 0.241536 0.136475 0.160156
22 0.306641 0.548014 0.12793 0.130534
12 0.201538 0.635254 0.109619 0.132487
29 0.307007 0.886719 0.12085 0.139974
15 0.053101 0.823242 0.090088 0.151693
