17 0.407878 0.171875 0.05447 0.099432
6 0.531684 0.072206 0.065972 0.133996
11 0.645399 0.113873 0.068576 0.133996
8 0.647569 0.734375 0.064236 0.138258
16 0.573785 0.770597 0.06467 0.110322
8 0.520291 0.453125 0.050564 0.126894
15 0.474609 0.411458 0.06033 0.105114
15 0.421984 0.258759 0.057075 0.086648
3 0.370551 0.355824 0.04362 0.121686
5 0.419379 0.352983 0.040582 0.121686
32 0.313151 0.416193 0.053819 0.125947
0 0.253798 0.413352 0.060113 0.128788
0 0.257595 0.547112 0.06033 0.09517
0 0.341471 0.733665 0.059679 0.14536
18 0.315321 0.59233 0.059462 0.138258
23 0.359375 0.544271 0.065972 0.100852
26 0.370877 0.645123 0.068576 0.121686
37 0.384874 0.798295 0.060981 0.141098
28 0.221463 0.783144 0.055773 0.132576
7 0.237413 0.301373 0.062066 0.10464
27 0.22819 0.181581 0.060113 0.124527
1 0.291341 0.257339 0.062717 0.109375
27 0.456706 0.116951 0.064019 0.125947
31 0.523438 0.196023 0.063368 0.108902
4 0.573893 0.189867 0.051866 0.121212
13 0.55599 0.304688 0.065972 0.14536
30 0.606011 0.338778 0.047526 0.121686
34 0.650716 0.389678 0.04362 0.131629
28 0.399848 0.934186 0.064019 0.117424
20 0.363498 0.455256 0.053819 0.086648
25 0.45931 0.625 0.044922 0.125947
6 0.414605 0.701468 0.057509 0.139678
32 0.468207 0.747633 0.044922 0.125947
27 0.516385 0.773911 0.057075 0.100852
9 0.429905 0.827652 0.041233 0.126894
20 0.481554 0.526989 0.059028 0.132576
21 0.621094 0.211411 0.040365 0.131155
22 0.419054 0.460701 0.059028 0.087121
11 0.412001 0.564631 0.048828 0.113163
29 0.69477 0.644413 0.066623 0.161932
