28 0.722534 0.527018 0.160889 0.172526
30 0.52356 0.331217 0.108154 0.19043
2 0.654297 0.340658 0.150879 0.200846
5 0.368408 0.67041 0.144531 0.183919
14 0.42749 0.779622 0.150879 0.169271
3 0.54126 0.691895 0.165527 0.206055
3 0.281372 0.57487 0.119873 0.188151
34 0.17981 0.673177 0.131104 0.145182
25 0.3302 0.241048 0.151611 0.169596
26 0.503052 0.172201 0.142822 0.162109
21 0.585083 0.537109 0.115967 0.190104
18 0.761841 0.086751 0.153076 0.154622
24 0.141968 0.865723 0.126221 0.146159
30 0.300293 0.81071 0.143555 0.185221
12 0.217651 0.292969 0.093018 0.157552
7 0.317993 0.086589 0.130127 0.13151
12 0.197144 0.137044 0.156006 0.169271
22 0.335327 0.382324 0.144287 0.206055
32 0.410645 0.450358 0.15625 0.195638
31 0.466064 0.565918 0.148926 0.195638
