6 0.676215 0.230114 0.049913 0.143939
28 0.625217 0.452415 0.06033 0.142519
17 0.616211 0.576468 0.067925 0.148201
34 0.460503 0.623106 0.053819 0.152462
8 0.520508 0.223958 0.067925 0.131629
4 0.51671 0.387784 0.064236 0.138258
1 0.387695 0.388968 0.065321 0.127367
37 0.279622 0.453125 0.072266 0.141098
15 0.348524 0.861742 0.073785 0.15625
25 0.391602 0.763021 0.046224 0.148201
16 0.33572 0.643703 0.062066 0.113163
23 0.287001 0.581203 0.066623 0.116004
9 0.223741 0.410748 0.064236 0.131155
27 0.206163 0.235322 0.062066 0.111742
5 0.327148 0.390388 0.062717 0.149148
30 0.356445 0.517992 0.064019 0.125947
19 0.434679 0.421638 0.05816 0.14536
27 0.472656 0.288826 0.06033 0.135417
21 0.52181 0.508049 0.067925 0.123106
32 0.568142 0.662642 0.063368 0.153883
11 0.521159 0.716383 0.062717 0.149621
31 0.447808 0.779593 0.069227 0.139678
6 0.614692 0.325047 0.05447 0.15767
15 0.566515 0.31392 0.057509 0.155303
25 0.60612 0.211411 0.057726 0.133996
34 0.574219 0.472775 0.072917 0.163352
