8 0.722222 0.141809 0.055122 0.151042
6 0.556532 0.235085 0.051866 0.136837
6 0.799805 0.652225 0.070964 0.169034
23 0.756944 0.392519 0.067274 0.140152
30 0.598199 0.366714 0.05447 0.130208
34 0.536458 0.414773 0.052517 0.128788
11 0.525391 0.570076 0.063368 0.141098
11 0.577365 0.535275 0.065321 0.13589
11 0.629666 0.595881 0.060113 0.14536
15 0.687826 0.661932 0.046224 0.141098
16 0.738173 0.719223 0.051432 0.143939
8 0.665148 0.848011 0.069878 0.117424
1 0.581163 0.663589 0.076823 0.118845
2 0.576714 0.830492 0.076606 0.132576
9 0.507812 0.884233 0.052517 0.136837
15 0.46441 0.606297 0.056424 0.138731
27 0.337023 0.356297 0.062066 0.148201
1 0.489583 0.148911 0.069878 0.136837
31 0.64247 0.127131 0.07053 0.107481
32 0.671224 0.469697 0.057726 0.135417
28 0.906359 0.399384 0.076172 0.153883
17 0.86046 0.278883 0.068576 0.152462
16 0.765625 0.245028 0.070312 0.133996
13 0.813477 0.336174 0.073134 0.126894
34 0.795681 0.449574 0.065321 0.136837
29 0.703451 0.307528 0.069661 0.109375
21 0.645399 0.748343 0.067274 0.15767
27 0.256944 0.508049 0.06901 0.161932
