6 0.455838 0.570076 0.055773 0.155303
8 0.472005 0.721354 0.057726 0.148201
5 0.565864 0.22822 0.064019 0.150568
34 0.580838 0.873106 0.055773 0.161932
0 0.694444 0.726089 0.059462 0.151989
9 0.672743 0.889678 0.06467 0.10322
3 0.449653 0.155777 0.072917 0.140152
26 0.416884 0.2616 0.069878 0.148201
20 0.422526 0.390388 0.072483 0.130208
28 0.483941 0.312263 0.06467 0.118845
21 0.549913 0.356297 0.06901 0.136837
9 0.616211 0.34446 0.067925 0.151989
24 0.647244 0.608191 0.064887 0.14536
32 0.590495 0.44768 0.065972 0.127367
32 0.657227 0.458097 0.065321 0.14536
31 0.526584 0.751657 0.059679 0.148201
30 0.389974 0.680871 0.072483 0.153409
34 0.755425 0.433002 0.076823 0.142519
27 0.721246 0.561553 0.057075 0.14678
27 0.527886 0.47893 0.076172 0.139678
11 0.517687 0.590199 0.068359 0.153883
16 0.578342 0.682765 0.068576 0.132576
22 0.476562 0.423059 0.049913 0.148201
27 0.625868 0.768466 0.076823 0.159091
20 0.585069 0.572917 0.071615 0.129735
