6 0.533963 0.231061 0.07921 0.131629
6 0.505968 0.377841 0.065321 0.141098
15 0.451606 0.41643 0.056424 0.142519
15 0.517904 0.492188 0.065321 0.118845
30 0.585938 0.818655 0.060764 0.125947
8 0.530707 0.742661 0.066623 0.116004
28 0.472005 0.787405 0.052517 0.149621
4 0.458659 0.668324 0.071832 0.098011
11 0.453885 0.567235 0.053168 0.124053
34 0.380425 0.706676 0.060764 0.124527
23 0.328342 0.722064 0.056424 0.14678
16 0.279622 0.726089 0.053168 0.138731
0 0.235786 0.426847 0.065321 0.121686
1 0.321072 0.360559 0.068359 0.136837
27 0.278646 0.470644 0.053819 0.128788
31 0.394857 0.340199 0.066623 0.118845
27 0.394423 0.493608 0.057075 0.130208
9 0.326172 0.523438 0.05816 0.139678
34 0.554362 0.585464 0.061415 0.127367
19 0.494032 0.912642 0.062283 0.127367
13 0.436306 0.848485 0.062717 0.141098
29 0.590712 0.685606 0.053819 0.14678
