8 0.429253 0.437737 0.052517 0.133049
8 0.551432 0.694129 0.062066 0.141098
30 0.50651 0.323627 0.038628 0.113163
34 0.551541 0.36482 0.036675 0.136837
13 0.458876 0.293797 0.053168 0.136837
16 0.484158 0.733665 0.061632 0.100852
15 0.383572 0.400805 0.058377 0.109375
15 0.329102 0.250237 0.060113 0.09517
26 0.307075 0.161932 0.048177 0.099432
5 0.267144 0.306345 0.06033 0.114583
1 0.208116 0.26018 0.059462 0.100852
7 0.153212 0.31108 0.062066 0.126894
21 0.518989 0.198153 0.035373 0.127367
25 0.371202 0.601326 0.042318 0.111742
26 0.285373 0.635653 0.059462 0.127367
11 0.21441 0.51018 0.067274 0.133049
27 0.428928 0.739347 0.055773 0.086648
28 0.321398 0.909328 0.061632 0.133996
1 0.305447 0.773201 0.042318 0.141098
0 0.261068 0.721828 0.056858 0.118845
6 0.335503 0.67803 0.055122 0.117424
9 0.348524 0.800663 0.048177 0.117424
32 0.383355 0.722538 0.04362 0.125947
22 0.324002 0.422585 0.057726 0.113163
20 0.393446 0.51018 0.056424 0.121686
31 0.422309 0.185843 0.052517 0.107481
4 0.472982 0.1759 0.04796 0.127367
6 0.432726 0.067945 0.06467 0.131155
11 0.54286 0.105587 0.062717 0.120265
27 0.361545 0.117424 0.057726 0.110795
27 0.141385 0.190578 0.064019 0.128314
3 0.025933 0.898674 0.04362 0.129735
