6 0.770874 0.537598 0.131592 0.193685
19 0.460571 0.833822 0.144287 0.195638
23 0.491211 0.189941 0.145996 0.157878
28 0.673218 0.247396 0.098877 0.175781
16 0.738525 0.394857 0.147461 0.166016
26 0.633057 0.444173 0.114258 0.178711
3 0.417236 0.3986 0.130371 0.133789
15 0.432251 0.513509 0.122314 0.140951
3 0.522339 0.69043 0.138916 0.205078
21 0.675903 0.731445 0.146729 0.167318
18 0.662231 0.591146 0.142822 0.164062
14 0.549561 0.339193 0.145996 0.14974
31 0.407349 0.273112 0.126221 0.134766
28 0.419556 0.633301 0.128662 0.147461
28 0.372803 0.777995 0.134277 0.18099
12 0.32666 0.507812 0.09082 0.167318
29 0.544434 0.506673 0.096191 0.175456
