3 0.407349 0.25 0.134033 0.208333
30 0.306519 0.641602 0.153076 0.155599
14 0.316406 0.478841 0.147461 0.128255
6 0.640991 0.604329 0.114502 0.200846
7 0.839722 0.555501 0.160889 0.233398
16 0.755493 0.720378 0.186279 0.191406
19 0.72876 0.270508 0.143555 0.205078
23 0.52002 0.114909 0.135742 0.150391
1 0.535034 0.570638 0.0979 0.188151
31 0.460205 0.424805 0.151367 0.148438
15 0.167114 0.521973 0.104248 0.193685
13 0.437744 0.726562 0.098633 0.19987
28 0.704712 0.873047 0.172607 0.215495
27 0.733398 0.469889 0.15625 0.21582
9 0.686157 0.130208 0.168701 0.193359
4 0.554688 0.780762 0.123047 0.211263
12 0.29834 0.344401 0.128418 0.134766
12 0.544434 0.23112 0.140625 0.155599
29 0.581055 0.342448 0.144531 0.182943
