8 0.159424 0.156413 0.101074 0.147461
3 0.624756 0.267253 0.099609 0.165365
24 0.751221 0.160156 0.125488 0.136068
15 0.843628 0.38265 0.0979 0.181966
30 0.219604 0.36849 0.122314 0.164062
6 0.289673 0.527181 0.115967 0.168294
17 0.336914 0.356445 0.126953 0.175781
5 0.47168 0.433105 0.098633 0.183919
28 0.555054 0.461914 0.101807 0.172526
28 0.439209 0.559082 0.125488 0.144206
26 0.414551 0.910807 0.135742 0.158854
31 0.531372 0.901042 0.142822 0.182943
21 0.646851 0.735677 0.110596 0.177734
7 0.240479 0.658854 0.093262 0.169271
14 0.190796 0.499837 0.105713 0.155924
1 0.477539 0.751302 0.110352 0.177734
32 0.52832 0.615885 0.117676 0.182292
22 0.408936 0.692546 0.108887 0.161133
4 0.359375 0.788086 0.126465 0.141927
18 0.641357 0.453125 0.094727 0.169271
34 0.744873 0.302897 0.130371 0.125326
3 0.824463 0.539714 0.152344 0.151693
29 0.730713 0.461426 0.114258 0.163086
2 0.662231 0.600098 0.122314 0.123372
22 0.36377 0.459798 0.125488 0.176758
