17 0.331421 0.526693 0.125244 0.160807
17 0.482178 0.499349 0.137207 0.171224
8 0.519287 0.74821 0.14502 0.19043
24 0.63623 0.534993 0.139648 0.123372
14 0.328247 0.294596 0.137939 0.165365
29 0.462891 0.096029 0.103516 0.160807
29 0.343628 0.15804 0.123291 0.137695
31 0.194336 0.242025 0.092285 0.163086
23 0.210449 0.376953 0.108887 0.134766
7 0.385742 0.701497 0.141113 0.184896
31 0.674683 0.702962 0.150635 0.20931
25 0.594482 0.818034 0.145996 0.203776
14 0.527222 0.353516 0.112061 0.186198
4 0.486206 0.228353 0.126221 0.152669
18 0.231445 0.518229 0.09082 0.156901
19 0.848877 0.585449 0.155273 0.226237
9 0.774902 0.676758 0.139648 0.213542
12 0.61731 0.351888 0.100342 0.191406
14 0.375488 0.392741 0.134766 0.172852
25 0.452271 0.611654 0.145264 0.179688
