16 0.558475 0.288086 0.155777 0.062283
8 0.382576 0.352648 0.169508 0.079861
0 0.414062 0.442057 0.155777 0.076823
23 0.200047 0.334093 0.160511 0.063151
13 0.530066 0.406467 0.131155 0.052951
26 0.740057 0.431641 0.140152 0.072483
30 0.810843 0.388889 0.142519 0.061198
20 0.852509 0.535048 0.153883 0.0727
5 0.70715 0.537652 0.147254 0.071398
3 0.650805 0.57997 0.142519 0.071398
18 0.251657 0.247721 0.137784 0.080946
28 0.808475 0.249783 0.124527 0.074653
21 0.815341 0.332465 0.151515 0.068576
31 0.684659 0.311306 0.164773 0.067491
1 0.668797 0.366102 0.165246 0.067274
34 0.538116 0.347982 0.111269 0.07053
27 0.444602 0.506076 0.158144 0.066406
32 0.504261 0.564996 0.128788 0.068359
34 0.284328 0.457031 0.113163 0.071615
27 0.289062 0.393012 0.131155 0.061198
24 0.597775 0.452365 0.13589 0.056207
9 0.750237 0.493164 0.160511 0.071398
27 0.682292 0.236871 0.133523 0.073568
11 0.37358 0.287543 0.169508 0.063368
20 0.583097 0.50293 0.119792 0.068359
