6 0.512912 0.148911 0.062717 0.142519
8 0.656467 0.137784 0.067708 0.106061
17 0.758898 0.223485 0.071181 0.138258
23 0.546115 0.659091 0.061415 0.135417
30 0.612196 0.204545 0.060764 0.150568
16 0.67079 0.260417 0.063368 0.120265
16 0.735352 0.429451 0.057075 0.155303
6 0.735243 0.597775 0.065972 0.163352
1 0.709201 0.715436 0.06467 0.123106
18 0.660265 0.797112 0.064019 0.13589
0 0.594184 0.81108 0.067274 0.141098
15 0.511285 0.725142 0.06467 0.14536
1 0.397569 0.307528 0.065972 0.139678
15 0.679145 0.583097 0.055773 0.139678
28 0.645942 0.466383 0.058377 0.089962
34 0.594184 0.554214 0.06467 0.133996
34 0.607096 0.671638 0.072266 0.116004
34 0.489258 0.272727 0.056207 0.13447
11 0.564562 0.265152 0.060113 0.132576
11 0.529839 0.331439 0.070964 0.164773
19 0.496311 0.444602 0.070312 0.14678
20 0.52474 0.532434 0.060764 0.133049
27 0.446506 0.391809 0.062717 0.13589
32 0.460286 0.539299 0.067274 0.135417
13 0.632921 0.366004 0.064019 0.106061
31 0.566189 0.097301 0.05816 0.148201
27 0.410699 0.618845 0.067925 0.14678
11 0.548611 0.87642 0.071615 0.158144
29 0.572808 0.444602 0.065321 0.14678
