8 0.3699 0.751184 0.048828 0.133049
1 0.66862 0.237216 0.06033 0.155303
17 0.544488 0.176847 0.049479 0.139678
8 0.41786 0.632812 0.064019 0.133049
4 0.493056 0.250473 0.055122 0.131629
21 0.501085 0.101562 0.067274 0.142519
15 0.559787 0.412879 0.041884 0.135417
16 0.458008 0.423769 0.052734 0.135417
27 0.506836 0.378551 0.063585 0.136837
32 0.663194 0.661932 0.065972 0.160985
7 0.6977 0.393229 0.05816 0.143466
23 0.630642 0.315814 0.060764 0.123106
19 0.527235 0.70786 0.055773 0.088068
15 0.559136 0.300663 0.058377 0.108902
25 0.521484 0.598485 0.072483 0.114583
34 0.510959 0.81179 0.052734 0.131155
27 0.554145 0.804924 0.053168 0.117424
0 0.576714 0.641098 0.064019 0.129735
24 0.819878 0.709991 0.074219 0.153883
6 0.712999 0.794271 0.062283 0.151989
9 0.653646 0.802557 0.063368 0.09375
1 0.682943 0.900095 0.06467 0.105114
5 0.596788 0.879735 0.045573 0.120265
6 0.588867 0.955729 0.066623 0.087595
31 0.602214 0.754498 0.055122 0.131155
20 0.532661 0.513021 0.07053 0.10464
5 0.929362 0.437737 0.067057 0.110322
2 0.756727 0.520597 0.071615 0.128314
13 0.459527 0.551373 0.051866 0.136837
11 0.457357 0.87358 0.060113 0.129735
30 0.480035 0.686316 0.041667 0.131155
11 0.599284 0.534564 0.055773 0.140152
32 0.613824 0.4259 0.066623 0.109375
26 0.665365 0.473958 0.051215 0.132576
20 0.610894 0.204545 0.065972 0.131629
29 0.429579 0.754025 0.067057 0.130208
3 0.048503 0.571496 0.070964 0.138258
