17 0.850803 0.387784 0.049262 0.14678
6 0.759223 0.795691 0.062717 0.160511
30 0.714193 0.26089 0.062066 0.14678
8 0.770399 0.220407 0.071181 0.118845
16 0.777127 0.3241 0.064236 0.100852
16 0.790473 0.580492 0.061415 0.147727
28 0.748372 0.51089 0.061415 0.089962
15 0.721571 0.615294 0.053819 0.133996
23 0.588542 0.601326 0.069878 0.125947
21 0.537218 0.82339 0.064019 0.135417
8 0.52908 0.693182 0.063368 0.128788
9 0.480035 0.607718 0.046875 0.127367
15 0.491536 0.465672 0.060764 0.133049
13 0.73253 0.4259 0.065321 0.109375
34 0.624891 0.185133 0.060981 0.111742
6 0.662869 0.076468 0.057509 0.133996
31 0.720052 0.123816 0.062066 0.106534
1 0.539714 0.154356 0.057726 0.131629
27 0.562717 0.268703 0.06033 0.133996
19 0.568034 0.386837 0.055773 0.108902
11 0.620443 0.318655 0.065972 0.123106
11 0.666124 0.262311 0.060113 0.14678
20 0.61122 0.439867 0.069227 0.140152
27 0.518989 0.414773 0.060981 0.128788
11 0.534288 0.570786 0.063368 0.122633
32 0.565213 0.495739 0.058811 0.123106
34 0.64822 0.537405 0.055122 0.10322
29 0.66569 0.431581 0.053168 0.151042
