8 0.396376 0.133523 0.053168 0.150568
17 0.548937 0.466856 0.063585 0.14678
28 0.528212 0.318182 0.066406 0.141098
6 0.484484 0.20786 0.063585 0.132576
6 0.538737 0.072917 0.076172 0.135417
16 0.462457 0.110559 0.062934 0.110322
1 0.235569 0.334044 0.063585 0.117898
19 0.227973 0.471117 0.055773 0.152462
15 0.360677 0.31108 0.072483 0.132576
4 0.335829 0.418087 0.053168 0.143939
27 0.29362 0.338305 0.045573 0.153883
21 0.270399 0.527699 0.059028 0.142519
15 0.196289 0.831913 0.051432 0.138258
27 0.167969 0.367661 0.044271 0.14536
0 0.315647 0.658381 0.052734 0.142519
25 0.289497 0.87429 0.048611 0.133996
0 0.240668 0.870739 0.059462 0.138258
1 0.255642 0.710701 0.057726 0.149621
16 0.338976 0.767045 0.065972 0.087121
44 0.367079 0.663589 0.070964 0.118845
30 0.42003 0.648201 0.062283 0.141098
34 0.354926 0.54143 0.067057 0.128314
11 0.487739 0.67661 0.073568 0.15625
20 0.411024 0.84304 0.067274 0.149148
32 0.529188 0.583333 0.070964 0.153409
34 0.458876 0.797822 0.073568 0.167614
13 0.347222 0.871449 0.05816 0.09517
29 0.3125 0.182055 0.06033 0.136837
31 0.266819 0.066761 0.068359 0.128788
