6 0.56174 0.281723 0.062283 0.132576
6 0.531359 0.412642 0.061415 0.113163
15 0.533637 0.537879 0.056858 0.090909
15 0.472005 0.460227 0.057726 0.09375
25 0.469835 0.572917 0.050781 0.129735
11 0.511936 0.669508 0.053385 0.125947
17 0.395725 0.701705 0.072266 0.137311
8 0.501411 0.796402 0.041016 0.123106
16 0.366428 0.778409 0.051866 0.125947
28 0.39605 0.885653 0.055122 0.089489
0 0.268989 0.397964 0.064019 0.098011
5 0.354601 0.543087 0.055122 0.114583
1 0.407661 0.505208 0.065321 0.111742
31 0.431207 0.370975 0.057726 0.121686
27 0.388129 0.424006 0.058377 0.127367
27 0.300998 0.526042 0.048611 0.123106
22 0.314453 0.689867 0.051215 0.149621
21 0.439453 0.075047 0.057726 0.128314
4 0.4375 0.796402 0.051215 0.120265
30 0.581489 0.858428 0.057075 0.096591
34 0.564019 0.633523 0.056424 0.125947
29 0.595269 0.746212 0.053819 0.137311
