17 0.313721 0.396484 0.105957 0.148438
18 0.417236 0.356445 0.109863 0.102214
30 0.77124 0.790853 0.14502 0.157878
3 0.458618 0.245605 0.08667 0.138997
31 0.435425 0.476725 0.087646 0.140951
34 0.338501 0.244629 0.113037 0.10319
34 0.169189 0.249349 0.103516 0.10026
10 0.138062 0.488444 0.10083 0.130534
26 0.214844 0.492513 0.106445 0.147135
4 0.145508 0.369629 0.106445 0.09668
24 0.061279 0.541341 0.089355 0.141927
14 0.141235 0.597982 0.110596 0.10026
25 0.336548 0.520345 0.118408 0.133789
25 0.284912 0.729167 0.126953 0.148438
30 0.189331 0.764486 0.112061 0.138997
2 0.386963 0.604329 0.124512 0.133789
18 0.452637 0.669434 0.119141 0.144206
2 0.462158 0.784993 0.117676 0.123372
24 0.259766 0.87679 0.109863 0.138997
22 0.146729 0.895182 0.074219 0.136068
28 0.558594 0.611654 0.130859 0.141927
19 0.624756 0.689779 0.123047 0.153646
14 0.651123 0.422038 0.119141 0.120117
27 0.80127 0.333984 0.121582 0.174479
16 0.695679 0.172689 0.107178 0.180013
23 0.611328 0.126628 0.123047 0.169271
18 0.567261 0.238932 0.124756 0.160807
13 0.478271 0.127604 0.096191 0.10026
22 0.543213 0.483561 0.111328 0.110352
34 0.552368 0.76237 0.110596 0.162109
12 0.667236 0.558757 0.137207 0.157878
12 0.536499 0.380697 0.119873 0.131836
31 0.087891 0.952311 0.083984 0.094727
29 0.763794 0.491862 0.123779 0.186198
