7 0.572021 0.709798 0.124512 0.178711
28 0.702393 0.227376 0.131836 0.137695
14 0.506226 0.172201 0.082764 0.136719
23 0.414917 0.20638 0.098877 0.10026
25 0.459351 0.424642 0.118408 0.144206
28 0.417603 0.558105 0.126221 0.150716
2 0.473511 0.674642 0.131104 0.161133
30 0.446777 0.822266 0.130859 0.166016
19 0.601562 0.55599 0.116211 0.167318
18 0.647705 0.349284 0.129395 0.158854
3 0.823242 0.43571 0.102539 0.166341
26 0.592041 0.237305 0.089355 0.145182
31 0.380249 0.308105 0.109619 0.116862
3 0.362549 0.440104 0.075684 0.145182
34 0.535034 0.494141 0.113525 0.167318
15 0.707397 0.434082 0.146729 0.163086
29 0.490479 0.308105 0.124023 0.133789
12 0.727539 0.555501 0.138184 0.191732
12 0.311768 0.678874 0.083008 0.163086
