6 0.738525 0.416992 0.160156 0.21875
17 0.511353 0.620605 0.159424 0.193685
30 0.380981 0.57373 0.158447 0.181966
3 0.42041 0.1875 0.142578 0.158854
30 0.25769 0.532389 0.138916 0.176758
24 0.173828 0.466309 0.119141 0.187174
22 0.209839 0.653646 0.146729 0.169271
28 0.626343 0.731283 0.172119 0.20931
16 0.768188 0.66569 0.173584 0.227214
7 0.86731 0.548014 0.181396 0.214518
27 0.859863 0.353353 0.166504 0.194336
19 0.739014 0.22998 0.130859 0.195638
9 0.696045 0.101888 0.144531 0.179036
23 0.546021 0.083008 0.137451 0.155599
31 0.446411 0.298177 0.145752 0.136719
13 0.455811 0.431152 0.119141 0.173503
14 0.30542 0.419596 0.136719 0.148438
29 0.601562 0.298828 0.139648 0.177734
12 0.318848 0.295085 0.134766 0.149414
12 0.560547 0.185384 0.134766 0.152669
28 0.31958 0.697754 0.139648 0.21582
25 0.39563 0.832682 0.156006 0.216797
18 0.29126 0.870931 0.142578 0.19043
34 0.46167 0.735514 0.164062 0.200846
10 0.561401 0.458333 0.113037 0.198568
4 0.658569 0.576497 0.154541 0.21875
