24 0.493652 0.43278 0.153809 0.195638
26 0.246338 0.420573 0.148926 0.169271
28 0.296387 0.552409 0.14502 0.201823
18 0.448364 0.548665 0.156006 0.19694
4 0.773315 0.359701 0.16333 0.165365
3 0.734741 0.517741 0.122314 0.204102
15 0.619629 0.506185 0.126953 0.193359
9 0.758179 0.163737 0.130127 0.210286
24 0.08728 0.222168 0.113037 0.188477
14 0.374023 0.356608 0.145996 0.192383
29 0.605103 0.320312 0.157959 0.155599
19 0.453003 0.248372 0.138916 0.173828
27 0.458984 0.09554 0.131836 0.187174
12 0.609009 0.181641 0.151611 0.191406
14 0.585083 0.83431 0.144287 0.192708
12 0.770874 0.728678 0.136475 0.224935
19 0.606567 0.661133 0.160889 0.167318
