25 0.655884 0.302409 0.092529 0.164062
17 0.33374 0.276693 0.117676 0.119141
30 0.278687 0.731283 0.101807 0.108398
18 0.276245 0.454264 0.072021 0.152669
31 0.369507 0.557454 0.0979 0.149414
34 0.19165 0.391764 0.101074 0.130534
34 0.071167 0.726074 0.093018 0.146159
2 0.199097 0.616374 0.123779 0.159831
2 0.184937 0.774902 0.115967 0.113607
23 0.368408 0.412272 0.09082 0.152669
25 0.52002 0.440918 0.134277 0.176758
10 0.5448 0.258952 0.086182 0.154622
21 0.44043 0.247396 0.082031 0.175781
9 0.537354 0.131348 0.120117 0.101237
16 0.782715 0.43099 0.133301 0.150391
13 0.654297 0.467285 0.130371 0.13444
24 0.661865 0.62321 0.101074 0.17806
27 0.758301 0.639486 0.112793 0.193685
26 0.842896 0.213704 0.162354 0.185872
3 0.36377 0.716146 0.092285 0.160156
18 0.449829 0.691895 0.112061 0.120117
7 0.440063 0.839518 0.130127 0.133464
18 0.558716 0.833822 0.132568 0.138997
4 0.052246 0.902507 0.104004 0.146159
29 0.733032 0.137533 0.130127 0.174805
29 0.567627 0.68571 0.133301 0.138997
12 0.474731 0.573893 0.131592 0.141927
