6 0.500434 0.107008 0.060764 0.111742
6 0.566515 0.225379 0.067925 0.150568
31 0.502062 0.24858 0.066623 0.143939
15 0.531467 0.369555 0.051215 0.141572
5 0.458659 0.330729 0.060113 0.121686
3 0.412977 0.380682 0.06467 0.132576
17 0.381402 0.273438 0.062717 0.124527
5 0.248372 0.459517 0.058377 0.136837
28 0.239692 0.575047 0.060113 0.098011
0 0.308377 0.523438 0.06467 0.131155
25 0.534939 0.686316 0.048177 0.136837
1 0.3176 0.399384 0.067925 0.131155
34 0.295898 0.744792 0.07053 0.15625
34 0.385525 0.815814 0.062283 0.106061
16 0.328125 0.661932 0.069878 0.149621
20 0.358073 0.549953 0.062066 0.142519
23 0.399848 0.688447 0.062717 0.143939
22 0.415473 0.537169 0.053168 0.142519
11 0.371853 0.434422 0.060113 0.131155
15 0.626519 0.295691 0.06033 0.138731
32 0.509006 0.558239 0.044922 0.125947
1 0.501736 0.433712 0.05816 0.129735
28 0.450304 0.834754 0.070312 0.107955
16 0.493815 0.70786 0.044922 0.126894
19 0.438477 0.714962 0.051866 0.141098
27 0.502387 0.848722 0.05816 0.124527
9 0.471354 0.576941 0.048611 0.124527
0 0.455729 0.467803 0.072483 0.120265
27 0.438911 0.214962 0.064019 0.102273
27 0.265625 0.293561 0.067274 0.13447
20 0.561415 0.567235 0.056424 0.090909
