6 0.515734 0.372869 0.059679 0.14536
8 0.657769 0.357718 0.062934 0.122633
6 0.623372 0.182292 0.064019 0.13447
19 0.560438 0.632576 0.058377 0.09375
30 0.56901 0.25947 0.070312 0.126894
15 0.463108 0.470644 0.062934 0.117424
27 0.484809 0.599905 0.06901 0.125947
11 0.515408 0.708807 0.051215 0.114583
20 0.65332 0.748343 0.064019 0.133049
7 0.685872 0.505445 0.061415 0.133996
15 0.614692 0.473958 0.058377 0.09375
1 0.446832 0.331913 0.071181 0.138258
31 0.468859 0.106297 0.064019 0.13589
27 0.450955 0.684896 0.062934 0.133996
34 0.575195 0.385653 0.053168 0.128314
32 0.611545 0.302083 0.049479 0.125947
4 0.69184 0.235085 0.063368 0.153883
11 0.634223 0.575047 0.061415 0.098011
11 0.562283 0.543087 0.062066 0.114583
9 0.533963 0.47822 0.058811 0.107955
3 0.843424 0.918324 0.067925 0.127367
23 0.853082 0.064631 0.066406 0.121686
29 0.55306 0.113163 0.066623 0.135417
