6 0.85437 0.547526 0.145752 0.167318
2 0.195557 0.266764 0.104004 0.142904
30 0.414185 0.75765 0.128662 0.171549
14 0.433472 0.570312 0.124756 0.143229
15 0.59729 0.615885 0.126221 0.152344
28 0.746094 0.673177 0.137207 0.172526
3 0.844849 0.770671 0.122314 0.187174
13 0.621216 0.750326 0.13501 0.127604
3 0.620483 0.444336 0.106689 0.172526
16 0.675537 0.311361 0.112793 0.169596
28 0.741699 0.173177 0.097168 0.172526
26 0.594116 0.259928 0.119873 0.183919
23 0.487671 0.216309 0.126221 0.161784
13 0.391968 0.155924 0.108154 0.127604
31 0.488525 0.657878 0.130859 0.165365
18 0.713745 0.516113 0.134033 0.15918
29 0.508667 0.468913 0.12085 0.173503
12 0.398315 0.348145 0.103271 0.150716
