8 0.522135 0.666903 0.062066 0.136837
27 0.667969 0.446733 0.056424 0.14536
30 0.477105 0.801373 0.065321 0.121686
21 0.48253 0.174006 0.069661 0.14536
3 0.411675 0.125237 0.067274 0.142519
28 0.425781 0.227983 0.069878 0.139678
26 0.409722 0.373106 0.067274 0.111742
11 0.408854 0.47893 0.071615 0.109375
32 0.520508 0.296638 0.071832 0.14536
27 0.459961 0.3125 0.062717 0.160985
31 0.501736 0.549953 0.063368 0.142519
20 0.554145 0.513494 0.055773 0.139678
18 0.570747 0.631155 0.065972 0.143939
1 0.556966 0.790956 0.061415 0.148201
8 0.64822 0.828362 0.071615 0.14536
34 0.591363 0.888258 0.061632 0.128788
0 0.770399 0.595881 0.056858 0.153883
23 0.674371 0.709991 0.066623 0.128314
29 0.604167 0.719223 0.062934 0.138258
24 0.572591 0.380682 0.070964 0.138258
20 0.509006 0.410038 0.07053 0.149621
9 0.576714 0.249763 0.071832 0.138731
32 0.625217 0.314631 0.072917 0.148201
34 0.71072 0.34517 0.06901 0.161932
27 0.739149 0.45928 0.063368 0.159091
13 0.735026 0.720407 0.06033 0.163352
16 0.645399 0.575047 0.067274 0.103693
22 0.448025 0.615294 0.073568 0.156723
10 0.039605 0.882812 0.072266 0.175663
