6 0.586263 0.116241 0.062717 0.171875
8 0.372396 0.295691 0.078125 0.127367
30 0.399848 0.426847 0.065321 0.121686
0 0.50293 0.297112 0.07487 0.146307
15 0.468859 0.362689 0.080512 0.155303
17 0.462457 0.89465 0.076823 0.166193
27 0.4324 0.618845 0.065321 0.177083
28 0.482205 0.577178 0.075521 0.14678
11 0.345703 0.519176 0.070312 0.156723
16 0.26747 0.394413 0.086589 0.141098
0 0.151584 0.453835 0.064019 0.156723
34 0.209744 0.682055 0.071832 0.14536
34 0.367079 0.81392 0.057075 0.14678
32 0.296549 0.796402 0.060113 0.147727
4 0.312826 0.650805 0.072266 0.171875
19 0.458008 0.483665 0.07921 0.15483
