17 0.387695 0.25 0.099609 0.170573
17 0.221558 0.517741 0.126221 0.151367
14 0.269653 0.639974 0.118408 0.167318
18 0.353394 0.476888 0.115967 0.126302
19 0.473511 0.53776 0.132568 0.126302
3 0.605957 0.270996 0.094727 0.157878
15 0.580322 0.451497 0.133301 0.151693
24 0.589355 0.599121 0.138672 0.146159
19 0.727173 0.573893 0.140381 0.146484
14 0.358276 0.748861 0.128662 0.130534
14 0.573608 0.711914 0.137451 0.147135
18 0.447998 0.678385 0.130371 0.145182
31 0.557373 0.139648 0.131836 0.160156
23 0.212036 0.145345 0.118408 0.116862
25 0.212036 0.731934 0.096436 0.174805
25 0.276733 0.853678 0.110596 0.176758
9 0.072754 0.825358 0.115234 0.140951
4 0.505859 0.299316 0.115234 0.128581
9 0.754639 0.309245 0.121582 0.188151
29 0.457031 0.423665 0.11377 0.116862
12 0.683838 0.418945 0.112305 0.197917
12 0.370728 0.607422 0.123779 0.146484
4 0.09668 0.575521 0.097168 0.145182
29 0.663818 0.089844 0.131836 0.179688
