8 0.203491 0.168132 0.110596 0.166341
30 0.280151 0.230469 0.109619 0.152344
5 0.377563 0.310872 0.112061 0.153646
14 0.461304 0.257812 0.114502 0.169271
22 0.636597 0.269857 0.135498 0.143229
26 0.80835 0.332357 0.102539 0.192708
28 0.898804 0.529785 0.168701 0.224284
21 0.823975 0.630534 0.149902 0.188151
3 0.654663 0.832845 0.127686 0.204102
31 0.612549 0.595378 0.141113 0.179036
1 0.496094 0.521322 0.131836 0.181966
15 0.403442 0.469401 0.110596 0.16862
22 0.352661 0.625814 0.117432 0.174805
26 0.436523 0.654785 0.121582 0.183919
32 0.543335 0.372233 0.128662 0.180013
30 0.681885 0.384277 0.128418 0.159831
13 0.289673 0.481445 0.113037 0.121094
10 0.38147 0.144857 0.110596 0.162109
17 0.313599 0.069824 0.118408 0.135742
25 0.701172 0.1486 0.140625 0.154622
3 0.482666 0.089844 0.133301 0.13151
29 0.29126 0.847493 0.125488 0.197591
2 0.734131 0.493001 0.164062 0.173503
