8 0.685438 0.142756 0.07487 0.118845
17 0.830078 0.299242 0.071615 0.164773
30 0.610894 0.382812 0.063368 0.112216
6 0.526584 0.353456 0.049262 0.128314
15 0.456706 0.375 0.066623 0.141098
6 0.663845 0.402936 0.042969 0.155303
23 0.715495 0.419744 0.05816 0.116004
8 0.628472 0.610322 0.059028 0.138258
21 0.676215 0.719223 0.051215 0.149621
34 0.737847 0.715672 0.071181 0.139678
34 0.807509 0.637074 0.06467 0.166193
28 0.829427 0.487216 0.051215 0.147727
1 0.737847 0.574337 0.068576 0.135417
32 0.611545 0.487216 0.067274 0.092803
15 0.574761 0.614583 0.07053 0.135417
19 0.46658 0.666667 0.062066 0.117424
20 0.478733 0.786695 0.069878 0.109375
11 0.407552 0.659801 0.062934 0.148201
27 0.423611 0.517756 0.055122 0.153883
11 0.51161 0.586174 0.066623 0.108902
11 0.536133 0.700284 0.076172 0.125947
7 0.602865 0.785748 0.074219 0.163352
16 0.541992 0.845881 0.07487 0.130208
27 0.36263 0.535748 0.068576 0.139678
1 0.482856 0.240057 0.059028 0.096591
31 0.587565 0.099432 0.054036 0.14678
34 0.54796 0.47964 0.072917 0.096591
4 0.676975 0.557528 0.061415 0.146307
9 0.485135 0.485322 0.069661 0.09375
16 0.754449 0.258759 0.051866 0.148201
13 0.773655 0.467803 0.060764 0.123106
29 0.644748 0.237216 0.065972 0.110795
