6 0.86853 0.425781 0.125244 0.198568
30 0.099487 0.436361 0.107178 0.156576
30 0.478394 0.572428 0.126221 0.149414
3 0.464478 0.253581 0.109619 0.156901
7 0.616455 0.295085 0.126953 0.109701
16 0.742065 0.316081 0.118408 0.179036
18 0.806763 0.154948 0.110596 0.169271
34 0.688477 0.155924 0.135742 0.119141
1 0.447998 0.119141 0.120605 0.102214
24 0.136475 0.277181 0.123047 0.151367
28 0.188477 0.402181 0.129395 0.130534
28 0.273926 0.476237 0.09082 0.158854
5 0.264526 0.638021 0.106689 0.156901
22 0.612549 0.409505 0.138184 0.128255
13 0.627075 0.55127 0.099365 0.176758
32 0.564941 0.688965 0.135742 0.140951
30 0.266846 0.293945 0.117676 0.18099
23 0.34436 0.368001 0.124756 0.180013
25 0.566528 0.06722 0.113525 0.10319
21 0.734619 0.473633 0.134766 0.124349
27 0.113281 0.670573 0.117676 0.13151
22 0.247925 0.184408 0.128662 0.154622
2 0.399902 0.486816 0.130371 0.171549
13 0.488525 0.408366 0.110352 0.187174
29 0.185303 0.089193 0.110352 0.164062
10 0.045898 0.254069 0.080566 0.185221
10 0.051025 0.583333 0.098633 0.203125
12 0.56604 0.183105 0.123779 0.116862
