17 0.50944 0.34304 0.073568 0.15767
32 0.586914 0.324811 0.064019 0.149621
11 0.656141 0.263021 0.068359 0.148201
15 0.726345 0.139205 0.083767 0.167614
25 0.773655 0.205256 0.06467 0.15767
8 0.753472 0.393939 0.059028 0.147727
0 0.777778 0.532434 0.072917 0.121686
20 0.688368 0.563684 0.06033 0.151042
16 0.730794 0.701468 0.072266 0.142519
30 0.688043 0.776752 0.058377 0.142519
1 0.742079 0.86411 0.064019 0.141098
5 0.634115 0.812263 0.072917 0.121686
1 0.566189 0.812263 0.067274 0.113163
19 0.555664 0.715672 0.07053 0.106534
8 0.50076 0.703835 0.048828 0.121686
16 0.373481 0.714015 0.068576 0.075758
6 0.301866 0.640388 0.062066 0.151042
6 0.397678 0.591619 0.076172 0.131155
28 0.442925 0.495502 0.06467 0.142519
15 0.472656 0.59233 0.067708 0.138258
27 0.554362 0.622869 0.061415 0.116004
34 0.518229 0.485085 0.06467 0.13589
4 0.587348 0.506629 0.076172 0.150568
34 0.633464 0.570076 0.074219 0.155303
31 0.622938 0.684896 0.07487 0.142519
0 0.683051 0.378788 0.072266 0.120265
20 0.774306 0.767756 0.068576 0.169034
11 0.78342 0.629261 0.075521 0.128788
31 0.628038 0.687737 0.065972 0.122633
21 0.620443 0.428741 0.083767 0.133996
29 0.496962 0.841619 0.074219 0.177557
