6 0.270386 0.636393 0.10083 0.182943
26 0.669189 0.657389 0.147461 0.149414
30 0.397217 0.489421 0.096191 0.178711
3 0.444824 0.22054 0.100098 0.155924
23 0.569702 0.069336 0.118408 0.119792
9 0.723511 0.099121 0.156982 0.163086
27 0.723145 0.405273 0.108887 0.201823
5 0.537476 0.700358 0.146729 0.159831
18 0.506226 0.580078 0.145752 0.148438
14 0.293213 0.482585 0.112305 0.116862
22 0.211304 0.463704 0.094971 0.180013
10 0.189209 0.618001 0.096191 0.154622
28 0.258911 0.879395 0.144287 0.163086
17 0.379028 0.66569 0.140381 0.182943
7 0.792969 0.551758 0.161621 0.150391
19 0.75708 0.222005 0.137207 0.169271
12 0.357056 0.330241 0.127686 0.150716
22 0.374268 0.868327 0.151367 0.204102
4 0.158203 0.902507 0.116211 0.194336
12 0.577148 0.176432 0.130371 0.124349
31 0.484253 0.342773 0.122314 0.13151
16 0.625977 0.431478 0.111328 0.187174
29 0.616455 0.284505 0.153809 0.145182
25 0.512573 0.450358 0.13501 0.157878
