17 0.271484 0.075684 0.10498 0.140951
8 0.316406 0.647949 0.109863 0.151367
17 0.253418 0.49821 0.114258 0.165039
18 0.71228 0.591797 0.138916 0.177734
14 0.19165 0.277669 0.105957 0.13151
14 0.257446 0.330729 0.109619 0.151693
14 0.362183 0.277832 0.100342 0.154622
31 0.437378 0.33724 0.082275 0.153646
7 0.392456 0.572754 0.131104 0.154622
25 0.486206 0.623698 0.126221 0.145182
1 0.400024 0.725586 0.115967 0.147135
3 0.471191 0.856771 0.134277 0.162109
7 0.599609 0.812663 0.130859 0.166341
6 0.864258 0.80013 0.157715 0.216797
19 0.592529 0.529297 0.137207 0.166016
24 0.697266 0.244629 0.134277 0.140951
19 0.776001 0.443197 0.131104 0.197591
15 0.680664 0.398438 0.124512 0.186198
9 0.591309 0.330729 0.07959 0.164062
3 0.511841 0.313314 0.073486 0.163086
4 0.474731 0.158529 0.123779 0.151693
23 0.172729 0.103516 0.104248 0.10026
18 0.130981 0.216309 0.082275 0.140951
25 0.122314 0.48877 0.110352 0.146159
4 0.044067 0.569173 0.087646 0.155924
9 0.040771 0.770671 0.071777 0.149414
25 0.351196 0.433268 0.128662 0.139974
16 0.710938 0.772786 0.131836 0.182943
21 0.77124 0.916178 0.165527 0.161133
22 0.61499 0.932943 0.152344 0.129557
12 0.668091 0.111816 0.129639 0.175456
12 0.480591 0.479329 0.124756 0.125326
12 0.52832 0.734049 0.147461 0.164062
29 0.291626 0.2111 0.124756 0.130534
