26 0.537354 0.254557 0.088379 0.156901
28 0.654785 0.248861 0.129395 0.155924
1 0.39917 0.573893 0.134766 0.173828
23 0.350708 0.222656 0.121338 0.143229
25 0.43103 0.437988 0.138916 0.140951
29 0.43103 0.322428 0.127686 0.120117
19 0.606323 0.559082 0.086182 0.171549
31 0.605835 0.744954 0.154541 0.173503
22 0.299927 0.645182 0.093994 0.169271
34 0.506958 0.513509 0.114502 0.180664
15 0.700317 0.418945 0.124756 0.179036
3 0.791748 0.461589 0.14209 0.194661
18 0.594482 0.381185 0.131836 0.18099
14 0.455078 0.192057 0.09082 0.153646
12 0.709839 0.614746 0.126221 0.198893
12 0.513306 0.81543 0.131592 0.192708
