17 0.799683 0.388509 0.140381 0.202148
31 0.372681 0.691895 0.126221 0.168294
31 0.227539 0.683105 0.125488 0.17806
23 0.253906 0.333984 0.094727 0.164062
23 0.862183 0.51416 0.137939 0.19043
24 0.676758 0.598145 0.149902 0.19043
26 0.681885 0.453613 0.145996 0.176758
27 0.563721 0.334961 0.133301 0.172526
34 0.451538 0.316081 0.088623 0.155599
2 0.406616 0.444824 0.121338 0.127279
25 0.233398 0.477702 0.135742 0.140951
18 0.147583 0.595866 0.134033 0.152669
18 0.354248 0.328613 0.10791 0.111654
21 0.42627 0.597493 0.121582 0.183268
6 0.625977 0.755046 0.119141 0.187174
8 0.491699 0.760742 0.115234 0.177734
16 0.499512 0.181152 0.123047 0.120768
29 0.357422 0.21582 0.114258 0.102214
19 0.521973 0.475098 0.097168 0.161133
29 0.546875 0.605469 0.135742 0.139974
12 0.688965 0.312337 0.139648 0.173503
