8 0.460571 0.486654 0.111084 0.188151
6 0.578613 0.33138 0.145996 0.160807
27 0.643677 0.159668 0.0979 0.187174
23 0.440918 0.2889 0.106445 0.185221
7 0.705933 0.359701 0.104248 0.184245
16 0.780396 0.540202 0.150635 0.154622
14 0.455811 0.645345 0.141113 0.144206
3 0.306641 0.176921 0.135742 0.127279
9 0.434204 0.116536 0.105713 0.174479
19 0.540527 0.183268 0.115234 0.173828
31 0.540161 0.804362 0.155518 0.19987
18 0.199463 0.735677 0.124512 0.186198
24 0.320801 0.729655 0.116699 0.195638
12 0.239624 0.571777 0.131104 0.131836
12 0.369629 0.418457 0.12793 0.144206
4 0.648438 0.583333 0.110352 0.190104
22 0.553101 0.494466 0.118408 0.19987
29 0.22229 0.455729 0.127686 0.126302
29 0.353149 0.555501 0.124756 0.193685
12 0.281006 0.310221 0.136719 0.156901
7 0.364014 0.891439 0.149902 0.12207
