8 0.669596 0.659091 0.060981 0.099432
8 0.416775 0.7616 0.060981 0.09233
30 0.504883 0.64607 0.057075 0.089489
23 0.578016 0.53054 0.060113 0.139678
15 0.398329 0.350142 0.070964 0.113163
13 0.570964 0.317945 0.049913 0.13589
1 0.604818 0.397491 0.052517 0.118845
0 0.633247 0.505445 0.06467 0.131155
21 0.727322 0.570076 0.062717 0.124053
7 0.781359 0.64465 0.055773 0.131155
3 0.947591 0.788589 0.067925 0.127367
15 0.654297 0.767045 0.046875 0.125947
19 0.614149 0.768466 0.044271 0.120265
6 0.424479 0.526752 0.056858 0.118845
16 0.42296 0.65625 0.057726 0.141098
6 0.493056 0.725142 0.053819 0.09233
32 0.481554 0.549242 0.057726 0.088068
11 0.53201 0.51089 0.04362 0.125947
20 0.573242 0.664773 0.053168 0.116477
15 0.523112 0.82339 0.051432 0.090909
34 0.520833 0.209517 0.059462 0.113163
34 0.582465 0.200994 0.051215 0.10464
18 0.753472 0.244318 0.059028 0.096591
11 0.762478 0.444839 0.048828 0.127367
34 0.56326 0.790009 0.046224 0.127367
31 0.419054 0.861742 0.059028 0.114583
28 0.396484 0.433712 0.06467 0.096591
27 0.587457 0.949337 0.058594 0.100379
27 0.541667 0.904356 0.059028 0.126894
11 0.678494 0.861979 0.058377 0.136837
4 0.615994 0.638258 0.05447 0.113636
16 0.641493 0.0625 0.05816 0.111742
0 0.963216 0.213542 0.057075 0.141098
5 0.958333 0.9259 0.056424 0.128314
29 0.476454 0.829072 0.042318 0.132576
9 0.638672 0.940341 0.057726 0.118371
