18 0.184937 0.328125 0.096924 0.138021
6 0.492798 0.409505 0.123779 0.147135
30 0.195679 0.707845 0.0979 0.111654
28 0.709839 0.377441 0.145264 0.163086
8 0.586548 0.781738 0.137939 0.180013
7 0.574707 0.641602 0.145996 0.141276
14 0.365234 0.409017 0.112793 0.120768
31 0.241699 0.169108 0.097168 0.132487
19 0.447876 0.21582 0.101807 0.167318
18 0.606567 0.442057 0.132568 0.18099
19 0.510132 0.537598 0.144287 0.168294
23 0.464111 0.707194 0.126465 0.169596
31 0.29834 0.678874 0.112793 0.146159
14 0.209351 0.595866 0.095459 0.127279
7 0.132568 0.543457 0.061523 0.142253
25 0.22583 0.486654 0.09082 0.160807
24 0.310547 0.522298 0.096191 0.154622
27 0.363647 0.30127 0.12085 0.149414
12 0.404663 0.505046 0.117432 0.166341
12 0.422852 0.611654 0.133301 0.139974
4 0.621582 0.279785 0.094727 0.163086
16 0.532227 0.253092 0.102051 0.164388
9 0.730713 0.212077 0.142578 0.176758
12 0.286133 0.245768 0.123047 0.141276
29 0.382935 0.172689 0.124756 0.165039
13 0.359009 0.743001 0.101807 0.146159
