6 0.524621 0.278754 0.128788 0.089193
8 0.794034 0.310764 0.153409 0.080729
27 0.84375 0.379015 0.158144 0.078776
6 0.785985 0.466905 0.110795 0.07053
30 0.434422 0.361979 0.165246 0.063368
8 0.352036 0.542209 0.16714 0.07053
8 0.516809 0.505534 0.16714 0.063151
16 0.429924 0.448242 0.14678 0.074436
5 0.361269 0.239475 0.162879 0.076606
20 0.435369 0.095378 0.149148 0.090061
21 0.66643 0.518012 0.124527 0.052951
34 0.606771 0.605794 0.13589 0.073568
3 0.45928 0.799588 0.15625 0.082682
4 0.648674 0.463216 0.15625 0.063151
22 0.234848 0.379015 0.167614 0.07053
27 0.255208 0.466797 0.149621 0.064236
13 0.399384 0.31174 0.149148 0.04362
20 0.242661 0.280273 0.129261 0.071398
31 0.725379 0.394965 0.110795 0.069444
11 0.769176 0.554145 0.099905 0.059245
29 0.329545 0.608941 0.162879 0.071615
