6 0.63227 0.50947 0.058811 0.15625
27 0.700846 0.454545 0.050564 0.14678
27 0.772027 0.435606 0.071832 0.15625
9 0.590386 0.309659 0.072266 0.152462
30 0.417209 0.778409 0.066623 0.125947
22 0.517361 0.740057 0.064236 0.149621
26 0.466254 0.476799 0.071832 0.116477
31 0.575412 0.710701 0.061415 0.158144
11 0.482856 0.579782 0.070312 0.116004
3 0.436957 0.244318 0.066623 0.143939
21 0.509766 0.252367 0.078125 0.143939
5 0.518663 0.111032 0.052517 0.139678
28 0.465603 0.337595 0.062717 0.138258
27 0.511936 0.409328 0.063368 0.136837
32 0.545464 0.3634 0.067925 0.142519
32 0.646918 0.361032 0.056424 0.160511
18 0.644965 0.65767 0.059028 0.141098
16 0.70497 0.582623 0.066623 0.098958
11 0.549262 0.893939 0.052517 0.150568
20 0.546984 0.53125 0.073568 0.141098
20 0.592339 0.609612 0.067057 0.136837
34 0.737956 0.34446 0.055773 0.15483
29 0.678494 0.778409 0.08138 0.125947
24 0.586589 0.468513 0.063368 0.130208
