8 0.615234 0.23911 0.06467 0.117424
6 0.390951 0.462358 0.052734 0.14536
30 0.564236 0.317945 0.05816 0.13589
18 0.575738 0.501894 0.062066 0.105114
17 0.702148 0.382102 0.059679 0.126894
6 0.806858 0.619555 0.046875 0.131155
23 0.62934 0.579782 0.06467 0.098958
1 0.712023 0.622396 0.061632 0.128314
37 0.558268 0.617424 0.069227 0.118371
31 0.516059 0.419744 0.062934 0.130208
13 0.599935 0.403883 0.053168 0.120265
34 0.649848 0.450284 0.058377 0.105114
19 0.565213 0.751657 0.062717 0.139678
34 0.390299 0.820786 0.066623 0.133049
11 0.66645 0.715672 0.046875 0.139678
27 0.463759 0.091619 0.06033 0.133996
16 0.72602 0.472064 0.061415 0.123106
15 0.759874 0.530303 0.067925 0.123106
