6 0.485135 0.256629 0.059679 0.102273
6 0.55599 0.257339 0.056858 0.142519
30 0.46658 0.588778 0.065972 0.100852
1 0.43023 0.373106 0.055773 0.131629
8 0.396484 0.579309 0.065972 0.09233
15 0.29145 0.47822 0.057726 0.14678
21 0.33355 0.385653 0.061632 0.100852
31 0.387804 0.324337 0.051215 0.153409
0 0.334201 0.623816 0.06033 0.148201
11 0.395508 0.767756 0.066623 0.130208
19 0.422526 0.909801 0.067274 0.15767
15 0.486762 0.389205 0.037326 0.138258
29 0.47526 0.498343 0.070312 0.112216
34 0.394531 0.484612 0.069878 0.098011
