6 0.759033 0.486816 0.120605 0.125326
3 0.686279 0.622233 0.129395 0.173503
26 0.695679 0.247884 0.110596 0.168294
23 0.573608 0.209635 0.127686 0.139974
14 0.348022 0.302409 0.095459 0.126302
2 0.320801 0.235189 0.108887 0.137044
13 0.446045 0.255697 0.094727 0.150716
13 0.505005 0.13444 0.099365 0.100911
3 0.577148 0.331217 0.112793 0.154622
18 0.630005 0.434733 0.122314 0.151367
7 0.445557 0.456868 0.124023 0.130534
28 0.603516 0.549805 0.126465 0.150391
25 0.495239 0.760254 0.111084 0.130534
30 0.568359 0.661621 0.10498 0.168294
30 0.474365 0.620117 0.089844 0.167318
16 0.76062 0.319173 0.108154 0.178711
28 0.835815 0.183268 0.096436 0.160807
22 0.53064 0.495117 0.096924 0.167318
32 0.623169 0.743001 0.118408 0.180013
15 0.126343 0.706868 0.105713 0.130534
12 0.393188 0.658366 0.085205 0.157878
31 0.385742 0.375488 0.102051 0.146159
29 0.067993 0.536621 0.07251 0.140951
12 0.484253 0.337565 0.087646 0.156901
