6 0.655816 0.206676 0.037326 0.124527
6 0.600694 0.299242 0.059462 0.128788
30 0.360026 0.222538 0.050781 0.125947
5 0.367296 0.109138 0.060113 0.118845
17 0.579319 0.547112 0.064019 0.142519
28 0.595269 0.421875 0.051215 0.123106
15 0.551432 0.307055 0.040365 0.121686
4 0.510959 0.414299 0.052734 0.090909
21 0.487956 0.506629 0.066623 0.125947
31 0.425673 0.51089 0.055773 0.10322
0 0.35395 0.623106 0.056424 0.135417
0 0.401801 0.747633 0.056207 0.140152
15 0.460829 0.76089 0.060981 0.129735
23 0.292643 0.647254 0.066623 0.120265
8 0.337023 0.751184 0.052083 0.133049
11 0.298394 0.77983 0.056424 0.125947
20 0.419054 0.618134 0.046007 0.125473
11 0.475803 0.636837 0.061415 0.135417
32 0.52691 0.59375 0.055122 0.118371
25 0.380425 0.858191 0.05816 0.121686
9 0.256619 0.339489 0.062283 0.114583
1 0.303928 0.205966 0.057075 0.114583
27 0.231662 0.201231 0.059679 0.09375
16 0.407878 0.352036 0.057075 0.109375
20 0.332248 0.491477 0.059028 0.128788
37 0.423177 0.20715 0.049479 0.100852
19 0.452257 0.276752 0.053819 0.09233
8 0.514757 0.230824 0.059028 0.086648
16 0.594944 0.198864 0.053168 0.114583
27 0.50076 0.333333 0.054036 0.116477
28 0.596788 0.424479 0.045573 0.136837
34 0.559787 0.42803 0.041884 0.124053
29 0.474284 0.165483 0.058377 0.136837
34 0.467339 0.382102 0.053168 0.124053
