17 0.446411 0.37028 0.130127 0.135742
28 0.409424 0.576497 0.126953 0.132812
2 0.236206 0.544922 0.130127 0.155599
34 0.216064 0.276693 0.093262 0.165365
16 0.3302 0.258952 0.104248 0.163086
21 0.46167 0.224772 0.115234 0.176758
9 0.560181 0.161133 0.151611 0.177734
25 0.666138 0.468262 0.117432 0.178711
26 0.753052 0.441569 0.132568 0.198893
16 0.874878 0.413737 0.16333 0.174479
14 0.513794 0.690918 0.118408 0.178711
23 0.402344 0.728678 0.106445 0.166341
34 0.320435 0.669922 0.095459 0.170573
10 0.572021 0.333822 0.105957 0.168294
34 0.05188 0.581217 0.095459 0.150716
19 0.132568 0.913574 0.130859 0.149414
22 0.560913 0.530924 0.134033 0.169271
12 0.404297 0.459473 0.124512 0.133789
29 0.750366 0.255697 0.087646 0.19043
