7 0.299438 0.308757 0.132568 0.170247
26 0.648438 0.478353 0.129395 0.20931
30 0.279053 0.842122 0.162598 0.191406
18 0.267212 0.507161 0.132568 0.189453
25 0.335693 0.580241 0.14502 0.20931
13 0.421143 0.66097 0.138184 0.198893
25 0.563232 0.646973 0.129395 0.204102
27 0.741699 0.515137 0.130371 0.219727
16 0.645996 0.729818 0.137207 0.210286
10 0.518921 0.428548 0.156982 0.195638
31 0.55542 0.221029 0.148438 0.175781
23 0.372681 0.167643 0.132568 0.167318
14 0.446045 0.291829 0.137207 0.187174
9 0.491699 0.089193 0.152832 0.174479
12 0.382568 0.388021 0.131836 0.192708
12 0.459473 0.523438 0.129395 0.207031
29 0.668823 0.280762 0.132568 0.20931
