18 0.531006 0.390137 0.116699 0.171549
18 0.618042 0.466309 0.137939 0.174805
31 0.636597 0.321777 0.140381 0.173503
18 0.727173 0.534505 0.151611 0.1875
26 0.359009 0.492025 0.109619 0.163086
17 0.419189 0.430013 0.123047 0.158854
3 0.455444 0.289225 0.104248 0.161133
34 0.348022 0.292969 0.093994 0.117839
4 0.053711 0.585938 0.094727 0.141276
25 0.39917 0.626465 0.119141 0.165039
25 0.484985 0.528158 0.119385 0.176758
24 0.661011 0.647949 0.141846 0.189128
23 0.60791 0.733073 0.131836 0.182943
28 0.531738 0.82487 0.101074 0.169271
14 0.641357 0.881022 0.12793 0.11556
27 0.867676 0.524414 0.138184 0.186198
23 0.549927 0.192057 0.134033 0.18099
34 0.086914 0.433268 0.121582 0.148438
10 0.29248 0.58431 0.099609 0.158854
16 0.392822 0.083496 0.119141 0.125326
16 0.71582 0.113444 0.139648 0.170247
12 0.676758 0.220052 0.135742 0.186198
13 0.421143 0.176432 0.124023 0.145182
19 0.44397 0.861003 0.086182 0.164062
14 0.108154 0.862142 0.123047 0.124023
12 0.351929 0.765462 0.093994 0.166341
22 0.462524 0.697754 0.127686 0.169596
2 0.54834 0.587565 0.12793 0.179688
