6 0.702271 0.835938 0.130127 0.210286
17 0.794922 0.428874 0.148438 0.173503
30 0.574829 0.918294 0.147705 0.16276
1 0.518066 0.665202 0.142578 0.171549
8 0.629517 0.645833 0.118408 0.182943
24 0.759888 0.620605 0.144287 0.138997
26 0.686279 0.47054 0.123047 0.176758
27 0.609863 0.247233 0.099609 0.152669
19 0.512207 0.327148 0.107422 0.173828
23 0.232178 0.382812 0.092285 0.156901
25 0.180542 0.504557 0.112061 0.121094
18 0.110596 0.630046 0.135742 0.183268
31 0.205078 0.672038 0.121582 0.164388
21 0.432983 0.46403 0.123779 0.130534
31 0.446045 0.573405 0.137207 0.140951
13 0.286987 0.555501 0.134033 0.191732
18 0.324341 0.655273 0.106689 0.179036
2 0.383423 0.736654 0.123779 0.190104
23 0.87915 0.569173 0.101074 0.183268
34 0.429077 0.205404 0.111084 0.150391
16 0.477905 0.097168 0.130127 0.169596
22 0.157715 0.833333 0.101074 0.188151
2 0.398315 0.360677 0.127197 0.133464
29 0.316895 0.1875 0.11377 0.123047
18 0.334106 0.29248 0.132568 0.131836
12 0.731445 0.287109 0.145996 0.156901
29 0.566406 0.494629 0.135742 0.142904
