17 0.419054 0.233191 0.062934 0.107481
8 0.54796 0.549953 0.055122 0.142519
30 0.621419 0.448153 0.038411 0.136837
34 0.672418 0.502604 0.04362 0.136837
31 0.535807 0.290956 0.059028 0.106534
6 0.551758 0.172585 0.065321 0.133996
15 0.472331 0.340436 0.051866 0.135417
5 0.392253 0.368134 0.067925 0.130208
11 0.360026 0.485795 0.060764 0.150568
26 0.416775 0.589489 0.059679 0.107955
25 0.456163 0.725142 0.053819 0.14536
27 0.515191 0.891098 0.065972 0.10322
0 0.320747 0.679451 0.070312 0.13447
0 0.364475 0.727983 0.067057 0.136837
6 0.408854 0.800426 0.059028 0.142519
19 0.292752 0.847775 0.055122 0.151042
3 0.287218 0.495502 0.057075 0.131155
28 0.270074 0.618134 0.073568 0.151042
7 0.240668 0.337358 0.067274 0.116004
37 0.29362 0.254498 0.065972 0.148201
15 0.493164 0.488636 0.065321 0.10322
20 0.486003 0.627841 0.065321 0.15625
27 0.479058 0.207386 0.062717 0.10322
21 0.642795 0.321496 0.045573 0.140152
4 0.590386 0.288116 0.051866 0.142519
27 0.240668 0.238636 0.069878 0.124053
32 0.118707 0.924242 0.073351 0.150568
1 0.371853 0.918797 0.038411 0.14536
20 0.334418 0.857718 0.045573 0.14536
32 0.459635 0.866004 0.042969 0.161932
16 0.573785 0.908381 0.060764 0.116004
8 0.659397 0.886837 0.060981 0.164773
22 0.426107 0.477983 0.069227 0.116004
13 0.568793 0.411222 0.062066 0.15767
29 0.713867 0.79072 0.061415 0.170455
