7 0.415582 0.197443 0.067274 0.128788
8 0.350803 0.203125 0.062717 0.15625
20 0.617622 0.216383 0.074219 0.132576
5 0.546766 0.287879 0.061415 0.120265
5 0.39605 0.327652 0.049913 0.143939
34 0.446506 0.366241 0.042318 0.139678
34 0.673394 0.634233 0.060764 0.151989
27 0.603516 0.422348 0.06033 0.149621
11 0.580838 0.547822 0.070964 0.149621
20 0.572266 0.652936 0.075521 0.144886
16 0.632595 0.699574 0.046875 0.141572
23 0.614041 0.824337 0.059679 0.125947
28 0.546007 0.808239 0.072917 0.126894
17 0.331597 0.887547 0.076823 0.166193
16 0.29362 0.586174 0.068576 0.128788
15 0.34885 0.629972 0.05013 0.146307
15 0.262695 0.439394 0.071832 0.143939
6 0.132812 0.443419 0.067274 0.113163
28 0.280816 0.253314 0.063368 0.164773
4 0.329644 0.42732 0.053819 0.136837
1 0.463108 0.653646 0.061632 0.118845
0 0.39898 0.755208 0.059679 0.143939
32 0.395725 0.616714 0.051866 0.148201
1 0.429253 0.481771 0.06901 0.139678
6 0.490777 0.508759 0.053168 0.15767
3 0.559462 0.159091 0.048611 0.141098
27 0.68457 0.377131 0.066623 0.151042
27 0.647244 0.502604 0.069661 0.148201
21 0.345269 0.075758 0.06467 0.132576
21 0.483507 0.226799 0.062934 0.128788
34 0.459852 0.110322 0.071615 0.096591
0 0.22819 0.121686 0.073134 0.135417
19 0.205621 0.271307 0.078776 0.137311
11 0.372396 0.466383 0.059028 0.147727
29 0.343424 0.326231 0.067057 0.135417
11 0.494683 0.359848 0.060981 0.143939
