28 0.583862 0.509766 0.138916 0.179688
18 0.189697 0.520833 0.134766 0.16862
6 0.42749 0.566569 0.144531 0.183919
18 0.477905 0.654785 0.141357 0.181966
7 0.494385 0.787435 0.126953 0.134766
14 0.33252 0.650553 0.123047 0.146159
25 0.237305 0.721354 0.124512 0.145182
7 0.094727 0.641602 0.121582 0.166016
31 0.223511 0.339193 0.084717 0.164062
19 0.380249 0.327148 0.113037 0.169271
16 0.442871 0.385905 0.105957 0.169596
27 0.352783 0.501302 0.125488 0.158854
12 0.283813 0.439453 0.116943 0.165365
29 0.320435 0.263997 0.114502 0.167318
29 0.262085 0.570638 0.123779 0.138021
4 0.540527 0.394368 0.102539 0.171549
9 0.654785 0.320801 0.143555 0.19043
12 0.371948 0.741374 0.131104 0.170247
