8 0.445786 0.391385 0.106534 0.068359
27 0.425426 0.458984 0.165246 0.061198
27 0.400568 0.513889 0.110795 0.067274
21 0.817708 0.318468 0.169508 0.065321
5 0.629498 0.450738 0.153883 0.061198
20 0.762547 0.471463 0.13589 0.083984
3 0.644176 0.639974 0.183239 0.071615
34 0.242661 0.534614 0.160511 0.057075
23 0.148201 0.43023 0.151515 0.081814
18 0.26089 0.268989 0.133523 0.083984
28 0.33286 0.19043 0.1875 0.081814
1 0.526752 0.275174 0.124527 0.067274
6 0.637311 0.309245 0.120265 0.079861
31 0.5741 0.394965 0.129261 0.067274
32 0.364583 0.317491 0.11553 0.085938
16 0.266335 0.462674 0.16714 0.066406
34 0.911222 0.515951 0.131155 0.071398
32 0.61482 0.557292 0.155777 0.063368
20 0.532434 0.507161 0.149148 0.068576
29 0.500947 0.339193 0.149621 0.055122
27 0.348722 0.589844 0.142519 0.080729
11 0.179688 0.356228 0.124527 0.080946
9 0.741004 0.371311 0.169508 0.077691
20 0.788352 0.196072 0.164773 0.07053
