10 0.658095 0.303977 0.067057 0.088068
10 0.575087 0.083333 0.050781 0.125947
20 0.563694 0.326231 0.055773 0.143939
2 0.412326 0.187027 0.048177 0.126894
28 0.393121 0.415483 0.051866 0.098958
21 0.337999 0.527699 0.056207 0.103693
5 0.385525 0.61482 0.057075 0.118845
26 0.224718 0.554924 0.058377 0.090909
3 0.171984 0.700284 0.066623 0.123106
5 0.194336 0.825047 0.046224 0.118845
24 0.287001 0.90767 0.064019 0.128788
0 0.140734 0.121686 0.067925 0.116477
0 0.209418 0.055634 0.065972 0.106534
9 0.567817 0.206676 0.062717 0.116004
22 0.237413 0.723958 0.069878 0.114583
27 0.305773 0.641572 0.056858 0.120265
32 0.389648 0.886364 0.066623 0.135417
4 0.415256 0.065104 0.071832 0.100852
