17 0.142822 0.171061 0.154785 0.185221
15 0.571655 0.72819 0.13501 0.211589
14 0.302246 0.328125 0.147461 0.165365
3 0.572388 0.412109 0.150635 0.203125
25 0.219116 0.60026 0.110596 0.186198
24 0.057739 0.719238 0.107178 0.185221
18 0.285645 0.158691 0.119141 0.195638
31 0.479492 0.122233 0.153809 0.200846
4 0.476318 0.32959 0.150879 0.195638
9 0.86499 0.455241 0.129395 0.211263
12 0.38147 0.44515 0.140381 0.187174
29 0.731567 0.169596 0.178955 0.211589
29 0.475586 0.500977 0.145996 0.189453
12 0.681152 0.61849 0.160156 0.21224
