6 0.398329 0.171165 0.062283 0.133996
8 0.617188 0.133523 0.060764 0.117424
17 0.712023 0.242898 0.059028 0.102273
23 0.651693 0.696733 0.056858 0.10464
30 0.553819 0.163352 0.052517 0.138258
34 0.597439 0.505208 0.068576 0.123106
6 0.76237 0.557528 0.056424 0.118845
1 0.726997 0.696733 0.060764 0.15483
15 0.556966 0.857718 0.062717 0.089489
19 0.465061 0.655777 0.038628 0.128788
34 0.364149 0.54143 0.059028 0.106534
1 0.467231 0.503078 0.059462 0.124527
31 0.490234 0.347301 0.049479 0.127367
11 0.519531 0.439157 0.06467 0.133049
27 0.545464 0.309659 0.05013 0.138258
16 0.65115 0.256866 0.05447 0.130208
28 0.626736 0.369555 0.045573 0.130208
29 0.591363 0.353456 0.049913 0.139678
13 0.602322 0.233665 0.065321 0.139678
18 0.680447 0.579309 0.067057 0.136837
16 0.727973 0.337595 0.061415 0.096591
15 0.75 0.432055 0.063368 0.121686
32 0.55306 0.709991 0.066623 0.115057
11 0.601345 0.631392 0.065972 0.124527
27 0.541233 0.586174 0.063368 0.128788
20 0.656467 0.453835 0.053819 0.136837
34 0.70714 0.487926 0.05447 0.130208
