7 0.612915 0.816406 0.132568 0.150391
26 0.657104 0.648438 0.127686 0.141927
30 0.428711 0.654297 0.099609 0.162109
14 0.456299 0.842122 0.12793 0.143229
31 0.659424 0.486328 0.134277 0.172526
4 0.55188 0.315592 0.114502 0.192383
3 0.696411 0.354818 0.112061 0.18099
1 0.590088 0.184245 0.149902 0.177734
21 0.676025 0.119629 0.135742 0.195638
28 0.501099 0.500977 0.127686 0.170573
28 0.535767 0.672038 0.109131 0.132487
17 0.078979 0.368652 0.110596 0.132487
8 0.175415 0.188477 0.115967 0.13151
31 0.08374 0.111328 0.115234 0.157552
