8 0.393229 0.751184 0.060764 0.160511
17 0.46441 0.405066 0.076823 0.16714
6 0.531467 0.453835 0.075521 0.133996
5 0.607096 0.503788 0.077474 0.167614
15 0.678819 0.399384 0.084635 0.148201
21 0.664062 0.669508 0.076823 0.161932
23 0.510634 0.223958 0.072483 0.153409
0 0.597439 0.22822 0.081163 0.173295
0 0.532986 0.306345 0.081163 0.164773
24 0.669922 0.14607 0.079427 0.178504
1 0.65332 0.287405 0.081814 0.174242
31 0.700846 0.545928 0.088759 0.164773
32 0.55089 0.611742 0.078776 0.135417
16 0.515408 0.720407 0.06901 0.169034
4 0.586589 0.721117 0.081163 0.167614
34 0.479058 0.836884 0.071832 0.151042
34 0.352648 0.505208 0.071615 0.173295
28 0.476237 0.565341 0.05447 0.167614
27 0.416775 0.586174 0.053168 0.15625
27 0.398003 0.407907 0.06901 0.192708
27 0.439453 0.254735 0.076823 0.173295
21 0.759223 0.324337 0.10612 0.173295
19 0.540256 0.941761 0.087023 0.11553
