17 0.58724 0.336884 0.075087 0.151042
8 0.467231 0.581203 0.073785 0.163352
27 0.591037 0.190578 0.070964 0.148201
5 0.587565 0.543797 0.065321 0.166193
6 0.596571 0.721117 0.078125 0.15625
6 0.738173 0.72964 0.061415 0.159091
34 0.475477 0.332623 0.065972 0.159564
34 0.419922 0.648674 0.065972 0.128788
0 0.65842 0.297112 0.075521 0.124527
0 0.729926 0.270123 0.080512 0.136837
15 0.781901 0.463542 0.072483 0.114583
34 0.652995 0.637074 0.077257 0.15767
1 0.698025 0.410511 0.060113 0.167614
37 0.766276 0.363873 0.06901 0.116004
6 0.806098 0.256629 0.080078 0.135417
2 0.855903 0.475379 0.071181 0.168561
21 0.711046 0.558239 0.073568 0.15625
19 0.625 0.433712 0.06467 0.143939
11 0.537435 0.615294 0.059679 0.148201
31 0.771701 0.605587 0.081163 0.147727
11 0.481228 0.822917 0.077474 0.15625
27 0.526584 0.301373 0.050564 0.151989
27 0.509657 0.472064 0.062717 0.159091
23 0.648872 0.169034 0.078125 0.149621
13 0.766602 0.139678 0.083984 0.174242
