6 0.34196 0.250488 0.130534 0.089355
2 0.545898 0.374146 0.152995 0.096924
2 0.870768 0.571045 0.160156 0.125488
14 0.208333 0.520142 0.143229 0.121338
25 0.301758 0.464355 0.16862 0.126465
4 0.669108 0.332764 0.099284 0.099121
7 0.609538 0.533325 0.147461 0.122314
31 0.172852 0.378296 0.16862 0.115967
1 0.371094 0.32373 0.13737 0.106445
32 0.268392 0.329468 0.147461 0.122314
19 0.403646 0.405518 0.160156 0.102051
19 0.555013 0.28125 0.134766 0.119141
31 0.523926 0.720215 0.177409 0.126465
18 0.673828 0.789673 0.182943 0.127686
25 0.678874 0.676147 0.133138 0.13208
31 0.747559 0.463379 0.140299 0.088379
24 0.732747 0.565674 0.125 0.119141
23 0.604655 0.433594 0.154622 0.069336
30 0.463867 0.468018 0.181641 0.09375
13 0.465983 0.300903 0.112305 0.105225
22 0.586914 0.64209 0.139323 0.125488
21 0.822591 0.697388 0.151693 0.116943
