17 0.131836 0.682983 0.166016 0.105225
1 0.285482 0.539795 0.110677 0.111816
30 0.721354 0.618286 0.144531 0.120361
14 0.264323 0.645874 0.125 0.122314
23 0.247884 0.274414 0.146159 0.094727
13 0.395996 0.285034 0.12207 0.103271
18 0.552246 0.310425 0.125977 0.105225
6 0.621745 0.265869 0.134766 0.111816
4 0.690918 0.365112 0.146159 0.091553
31 0.769531 0.45752 0.152995 0.083008
19 0.501953 0.503662 0.102214 0.103027
23 0.620931 0.40918 0.116211 0.082031
2 0.509115 0.397461 0.110677 0.099121
31 0.380371 0.397461 0.12207 0.082031
9 0.400228 0.487671 0.113607 0.105225
22 0.472982 0.68457 0.106771 0.119141
3 0.561361 0.77478 0.147461 0.127686
14 0.691569 0.814697 0.138997 0.130859
17 0.808431 0.667603 0.143555 0.110596
29 0.89681 0.734497 0.150391 0.123291
24 0.586263 0.495239 0.100911 0.103271
15 0.327799 0.737183 0.150391 0.114014
18 0.416992 0.805054 0.136068 0.122314
12 0.485026 0.22876 0.158854 0.094727
12 0.379557 0.593872 0.083984 0.115967
24 0.580566 0.607666 0.180013 0.124512
2 0.717936 0.510986 0.146159 0.101074
