28 0.113607 0.383667 0.166016 0.105225
24 0.273275 0.342773 0.163086 0.100098
23 0.560059 0.362427 0.147461 0.111572
3 0.652018 0.553467 0.161458 0.107422
30 0.436198 0.498779 0.120443 0.125488
24 0.438314 0.608154 0.141602 0.114746
31 0.704427 0.390137 0.164714 0.088379
31 0.869303 0.514771 0.092122 0.121338
7 0.489258 0.762695 0.15625 0.13916
23 0.314453 0.440552 0.13737 0.078857
17 0.446777 0.270142 0.12793 0.111572
18 0.592611 0.262695 0.12207 0.11377
14 0.661947 0.454834 0.144857 0.101074
15 0.544596 0.477661 0.110677 0.106201
19 0.545085 0.590698 0.140299 0.126709
4 0.785156 0.618286 0.150391 0.122314
29 0.781413 0.497192 0.123372 0.115967
29 0.936198 0.608032 0.126953 0.101807
12 0.268555 0.21167 0.110677 0.101074
12 0.757324 0.735107 0.171549 0.137207
32 0.364095 0.04834 0.154622 0.082031
2 0.504883 0.156006 0.133464 0.09375
