24 0.287598 0.596069 0.163086 0.115967
19 0.569336 0.753662 0.160156 0.125488
18 0.572103 0.558228 0.154622 0.104248
23 0.686686 0.391113 0.152018 0.094727
6 0.661133 0.508423 0.143229 0.104248
13 0.485677 0.477173 0.128906 0.103271
31 0.666178 0.630493 0.150065 0.110596
23 0.445475 0.616699 0.15332 0.106445
31 0.533854 0.663452 0.16862 0.11499
31 0.785807 0.355591 0.157552 0.11499
2 0.549316 0.282227 0.131836 0.112793
25 0.457357 0.313599 0.126302 0.109619
14 0.338542 0.341187 0.145833 0.103271
3 0.136882 0.302002 0.164388 0.088379
30 0.255046 0.416138 0.152018 0.104248
29 0.79362 0.704346 0.144531 0.124512
9 0.637207 0.230835 0.114909 0.098877
32 0.756022 0.245117 0.146159 0.102051
4 0.763184 0.570557 0.154622 0.111816
19 0.319336 0.491943 0.150391 0.111816
21 0.687337 0.781738 0.172852 0.130859
29 0.286784 0.267456 0.136068 0.068115
10 0.405762 0.413452 0.147461 0.092529
2 0.52946 0.380005 0.163086 0.095947
9 0.579915 0.44104 0.164388 0.105225
12 0.40153 0.551392 0.161784 0.111572
