8 0.519857 0.185133 0.084418 0.159091
6 0.458659 0.263021 0.080512 0.122633
15 0.226888 0.24929 0.083116 0.142519
5 0.270074 0.358428 0.08138 0.152462
4 0.230469 0.565104 0.071181 0.153883
21 0.318902 0.59446 0.087023 0.153883
21 0.341471 0.418324 0.060981 0.149148
31 0.401259 0.414062 0.074219 0.127367
1 0.469401 0.378078 0.074219 0.113163
28 0.528537 0.34233 0.068359 0.153409
34 0.659722 0.558949 0.079427 0.18608
6 0.443034 0.514205 0.080078 0.143939
17 0.515734 0.476089 0.078776 0.139678
27 0.534505 0.612689 0.078125 0.164773
27 0.583116 0.557528 0.078125 0.180398
27 0.597114 0.381392 0.061415 0.148201
23 0.476128 0.6759 0.068576 0.166193
0 0.42513 0.6759 0.060764 0.163352
15 0.380751 0.61411 0.065321 0.164773
32 0.328668 0.728693 0.078776 0.14678
13 0.387804 0.803977 0.078125 0.152462
0 0.263672 0.686553 0.079861 0.167614
24 0.260091 0.866714 0.089627 0.169034
1 0.177843 0.831913 0.083116 0.160985
34 0.278971 0.484612 0.076172 0.139678
34 0.378472 0.304214 0.088976 0.124527
20 0.314345 0.249053 0.084418 0.123106
11 0.400933 0.166193 0.073568 0.168561
11 0.443576 0.085227 0.090278 0.143939
