7 0.400879 0.617188 0.171549 0.137207
17 0.729167 0.557251 0.149089 0.11499
6 0.542969 0.284424 0.158854 0.095703
23 0.567708 0.39209 0.160156 0.101074
23 0.268392 0.439453 0.164388 0.083008
25 0.318848 0.513184 0.154622 0.090332
19 0.275553 0.36145 0.164388 0.086182
18 0.446126 0.328491 0.157227 0.103271
24 0.415039 0.417725 0.160156 0.118164
30 0.489909 0.552002 0.166016 0.119141
14 0.508301 0.698364 0.188477 0.121338
9 0.567871 0.798706 0.19694 0.126709
31 0.37321 0.780151 0.147461 0.138428
2 0.661133 0.679321 0.151693 0.144775
30 0.625977 0.511108 0.143229 0.126709
24 0.414225 0.415527 0.133138 0.11377
2 0.520508 0.463379 0.150391 0.11377
31 0.7264 0.437378 0.140299 0.110596
29 0.833333 0.634766 0.158854 0.131836
13 0.298177 0.278687 0.164714 0.096924
4 0.668945 0.351807 0.150391 0.111816
12 0.396647 0.227051 0.163086 0.119141
29 0.589681 0.622559 0.164388 0.141602
