8 0.271322 0.469238 0.150065 0.119141
1 0.310384 0.399536 0.163086 0.109619
17 0.649251 0.265869 0.124674 0.088379
23 0.870768 0.312012 0.143229 0.102051
31 0.894043 0.421387 0.124674 0.106445
31 0.924154 0.509277 0.151042 0.105957
6 0.799967 0.502075 0.100586 0.110596
24 0.515462 0.243042 0.152018 0.087158
7 0.545898 0.317383 0.125 0.106445
14 0.419922 0.453125 0.161458 0.119141
25 0.226725 0.596069 0.163086 0.122314
24 0.315104 0.677246 0.184245 0.129883
18 0.102865 0.566772 0.150391 0.135986
32 0.506185 0.081177 0.125 0.086182
28 0.381673 0.269531 0.136393 0.083008
3 0.531738 0.426636 0.133138 0.104248
14 0.334961 0.548828 0.175781 0.112793
15 0.408529 0.595459 0.167318 0.125488
30 0.490723 0.679321 0.161784 0.129639
17 0.666178 0.464844 0.158529 0.108398
31 0.783691 0.421387 0.164388 0.083008
23 0.682454 0.353516 0.131836 0.09375
2 0.649089 0.193726 0.167318 0.079834
18 0.746745 0.251099 0.119141 0.079834
22 0.77653 0.338623 0.107747 0.102051
19 0.49707 0.528564 0.160156 0.100098
22 0.279134 0.303101 0.157227 0.098877
29 0.676107 0.665527 0.167318 0.106445
29 0.711426 0.554565 0.178711 0.11792
34 0.124674 0.290771 0.134766 0.100098
9 0.613932 0.393799 0.150391 0.100098
12 0.42334 0.195801 0.137695 0.090332
