6 0.44519 0.306641 0.118408 0.138672
17 0.708252 0.725749 0.130859 0.176758
19 0.854736 0.648438 0.130859 0.194661
18 0.503906 0.51709 0.109863 0.146159
23 0.349976 0.451497 0.0979 0.160156
4 0.500366 0.220052 0.118408 0.158854
9 0.257812 0.500977 0.116699 0.134766
11 0.277832 0.600098 0.114258 0.133789
11 0.371948 0.592773 0.116943 0.154948
23 0.479004 0.669434 0.115234 0.165039
25 0.345947 0.767578 0.102539 0.155599
31 0.594116 0.497721 0.126221 0.162109
17 0.763794 0.598958 0.109619 0.194661
31 0.310547 0.360189 0.105957 0.149414
29 0.258057 0.762858 0.09082 0.152669
29 0.581055 0.770671 0.124023 0.130534
31 0.533447 0.367513 0.116699 0.151693
29 0.608643 0.24056 0.139648 0.170573
22 0.694092 0.541829 0.115234 0.183268
12 0.761353 0.396322 0.14917 0.152669
9 0.433838 0.544922 0.111328 0.162109
4 0.587769 0.638021 0.0979 0.158854
32 0.188477 0.346517 0.112305 0.155924
10 0.414917 0.728678 0.114502 0.166341
