17 0.214681 0.515381 0.138997 0.120117
19 0.459473 0.601929 0.161784 0.091553
30 0.681641 0.452637 0.150391 0.094727
23 0.843099 0.378906 0.144531 0.11084
25 0.753906 0.522217 0.167318 0.108398
24 0.369629 0.703735 0.129232 0.118896
25 0.300944 0.595459 0.161784 0.100098
21 0.547201 0.416016 0.127604 0.108398
25 0.482747 0.332764 0.134766 0.109375
14 0.210449 0.36084 0.147461 0.112793
24 0.187826 0.273804 0.152995 0.093506
18 0.2111 0.727173 0.137695 0.140381
10 0.624349 0.242432 0.134766 0.094727
7 0.733398 0.393799 0.134766 0.11084
31 0.596191 0.524902 0.146159 0.082031
18 0.596191 0.626709 0.163086 0.101074
30 0.734212 0.645264 0.155924 0.125488
14 0.651204 0.725464 0.146159 0.120361
7 0.527344 0.860229 0.167318 0.109619
31 0.882812 0.581055 0.158854 0.107422
32 0.342122 0.525391 0.175781 0.100098
2 0.317871 0.416626 0.138997 0.105225
29 0.383789 0.369873 0.134766 0.120117
12 0.441895 0.784424 0.157227 0.117188
12 0.47168 0.498291 0.117839 0.124512
31 0.729818 0.297119 0.125 0.09375
2 0.579915 0.296143 0.15332 0.108398
