8 0.160807 0.584351 0.158854 0.111572
15 0.422689 0.594482 0.130534 0.112793
30 0.586263 0.610229 0.151693 0.104248
3 0.577637 0.702148 0.123372 0.120117
14 0.449056 0.814087 0.171549 0.123291
24 0.45459 0.698486 0.129232 0.112793
17 0.598958 0.428711 0.143229 0.125488
6 0.775716 0.417114 0.134766 0.110596
31 0.903971 0.433594 0.147786 0.109375
31 0.901693 0.324341 0.117839 0.103271
23 0.806966 0.249878 0.100911 0.096924
19 0.374674 0.505737 0.144531 0.105225
3 0.197754 0.463745 0.155924 0.0979
19 0.308105 0.858154 0.18457 0.132812
14 0.321615 0.625122 0.149089 0.110596
14 0.266439 0.53125 0.120768 0.101074
34 0.309408 0.400635 0.138997 0.090332
10 0.303874 0.314697 0.138997 0.09668
9 0.460286 0.317871 0.132161 0.088379
9 0.598958 0.184692 0.145833 0.104248
18 0.722168 0.163452 0.129232 0.106201
31 0.760417 0.335938 0.134766 0.075684
17 0.541504 0.506348 0.138997 0.100098
23 0.475749 0.455444 0.154622 0.0979
29 0.661947 0.545654 0.150065 0.112793
29 0.788574 0.607178 0.148763 0.09375
4 0.685221 0.68042 0.120443 0.121094
22 0.702148 0.26062 0.117839 0.109619
2 0.614421 0.042969 0.146159 0.077637
4 0.600423 0.322754 0.131836 0.112793
