8 0.187391 0.088068 0.083116 0.14678
7 0.339518 0.204545 0.057075 0.15625
3 0.505208 0.319366 0.062934 0.118845
16 0.396376 0.548532 0.073568 0.153883
4 0.296766 0.549953 0.057075 0.14536
6 0.378472 0.806108 0.083767 0.133996
15 0.431532 0.691051 0.082682 0.160511
1 0.513889 0.705966 0.071181 0.111742
20 0.586372 0.677083 0.078125 0.143939
16 0.654297 0.67661 0.059462 0.170455
34 0.686415 0.587595 0.072917 0.176136
23 0.649523 0.820786 0.071615 0.116004
28 0.584961 0.850616 0.066623 0.131155
0 0.484809 0.840199 0.085938 0.171875
6 0.477865 0.580492 0.056424 0.161932
3 0.495334 0.183002 0.07487 0.166193
21 0.443902 0.267282 0.060113 0.156723
34 0.369358 0.329072 0.076823 0.102273
34 0.387804 0.161932 0.061632 0.14678
15 0.305122 0.39678 0.065972 0.159091
1 0.252496 0.316525 0.069227 0.171875
5 0.226237 0.218513 0.069227 0.153883
19 0.327474 0.683475 0.068576 0.153883
32 0.367079 0.446733 0.053168 0.142519
27 0.582465 0.412169 0.052517 0.148201
27 0.634766 0.476089 0.053819 0.159564
20 0.562934 0.209517 0.082465 0.169034
11 0.578993 0.556818 0.065972 0.120265
11 0.46148 0.433712 0.05447 0.155303
27 0.650499 0.322206 0.057075 0.160511
