8 0.490885 0.097301 0.073785 0.159564
8 0.337023 0.205256 0.062066 0.160511
20 0.390951 0.210701 0.057509 0.174242
3 0.460829 0.245502 0.083984 0.174716
5 0.510308 0.34304 0.084418 0.171875
2 0.543186 0.12571 0.069878 0.177557
27 0.578559 0.217093 0.078125 0.187027
6 0.443685 0.47822 0.08138 0.152462
1 0.41645 0.648201 0.078125 0.179924
15 0.276801 0.219697 0.067925 0.167614
32 0.237847 0.53125 0.074219 0.182765
10 0.303928 0.51089 0.095269 0.1875
31 0.265299 0.37642 0.090929 0.135417
16 0.363824 0.54072 0.090061 0.194129
15 0.307617 0.664062 0.100477 0.162405
6 0.28342 0.828362 0.096788 0.181345
0 0.359375 0.740767 0.085069 0.153883
17 0.375651 0.877841 0.094618 0.179924
28 0.467231 0.790246 0.09158 0.185606
23 0.552517 0.8241 0.080729 0.133996
16 0.555339 0.661222 0.086372 0.184186
34 0.625 0.62358 0.087674 0.176136
20 0.478407 0.627841 0.088325 0.195076
11 0.515082 0.524858 0.076172 0.184186
11 0.429253 0.372869 0.084635 0.148201
11 0.196289 0.264441 0.077908 0.131155
27 0.564887 0.389678 0.085069 0.178977
27 0.590386 0.490767 0.080078 0.174716
21 0.350369 0.360559 0.078776 0.136837
