17 0.395182 0.380615 0.111979 0.101074
15 0.298177 0.474487 0.113281 0.121338
14 0.400065 0.745117 0.133464 0.13623
23 0.513346 0.447876 0.147786 0.091553
14 0.646322 0.491943 0.130534 0.101074
3 0.562826 0.556274 0.144531 0.104248
3 0.540853 0.65271 0.146159 0.091553
34 0.427083 0.607178 0.119141 0.125488
7 0.289714 0.577515 0.15625 0.085205
19 0.518229 0.829468 0.16862 0.128662
24 0.665527 0.854492 0.154622 0.142578
17 0.640788 0.728149 0.138997 0.138428
31 0.86849 0.519043 0.085286 0.100098
31 0.686035 0.406494 0.136393 0.087402
18 0.523926 0.353516 0.152018 0.095703
2 0.525391 0.182617 0.13737 0.106445
32 0.400716 0.061035 0.143229 0.083984
29 0.768066 0.506836 0.107747 0.111816
29 0.922363 0.610352 0.144857 0.112793
4 0.759603 0.619385 0.172852 0.107422
22 0.241536 0.720093 0.175781 0.13501
12 0.241536 0.356201 0.152995 0.107422
12 0.781576 0.740845 0.117839 0.129639
