6 0.741211 0.552002 0.125 0.125488
2 0.588379 0.143799 0.136393 0.109375
23 0.481608 0.335449 0.106445 0.100098
23 0.803548 0.363037 0.12207 0.114746
4 0.59196 0.343384 0.137695 0.084229
17 0.587565 0.429321 0.095052 0.098877
15 0.167155 0.644897 0.146159 0.122314
24 0.37321 0.692627 0.161784 0.126465
3 0.573405 0.636353 0.140299 0.120361
31 0.862305 0.586426 0.117839 0.120117
31 0.861491 0.47229 0.124674 0.110596
31 0.711426 0.46167 0.133138 0.095703
14 0.446126 0.586426 0.140299 0.090332
34 0.291829 0.59021 0.154622 0.104248
24 0.159505 0.526367 0.147786 0.112793
9 0.424154 0.238281 0.141927 0.103027
9 0.548665 0.263794 0.105143 0.086182
18 0.68099 0.282959 0.117839 0.101074
10 0.357747 0.279175 0.141927 0.0979
30 0.484375 0.519653 0.140625 0.086182
19 0.307454 0.800415 0.171549 0.127686
17 0.486491 0.444702 0.144857 0.0979
25 0.271322 0.453735 0.12793 0.115967
29 0.62028 0.533936 0.129232 0.119141
29 0.75179 0.674438 0.160482 0.115967
4 0.826172 0.840576 0.133464 0.125488
13 0.224609 0.300415 0.141927 0.108643
2 0.280436 0.344849 0.129232 0.0979
29 0.355469 0.381592 0.128906 0.101074
12 0.18278 0.416138 0.120768 0.11499
12 0.344889 0.496826 0.136393 0.112793
32 0.397949 0.109253 0.129232 0.087158
12 0.503418 0.746704 0.167643 0.126709
22 0.704427 0.377808 0.102214 0.116943
