7 0.514893 0.459961 0.10498 0.143229
8 0.522461 0.717611 0.107422 0.125326
23 0.363281 0.428385 0.094727 0.107422
14 0.457031 0.353353 0.091797 0.135742
14 0.553467 0.359049 0.106445 0.134766
17 0.661011 0.3361 0.0979 0.168294
24 0.789795 0.359701 0.124023 0.133464
19 0.744507 0.484049 0.137451 0.151693
31 0.621582 0.491536 0.101074 0.136719
25 0.561768 0.583333 0.101074 0.139974
25 0.622803 0.760905 0.081543 0.152669
1 0.473511 0.601074 0.112061 0.135742
17 0.383301 0.653158 0.097168 0.130534
3 0.506348 0.891927 0.125488 0.177734
3 0.414062 0.74707 0.112793 0.148438
18 0.3302 0.541341 0.088623 0.146484
14 0.410645 0.525065 0.088379 0.155599
31 0.371216 0.327148 0.06958 0.123047
31 0.487671 0.14388 0.08374 0.098958
29 0.475952 0.239909 0.096436 0.102214
29 0.572388 0.0861 0.095459 0.149414
32 0.035767 0.587565 0.06958 0.13151
2 0.151123 0.454264 0.09082 0.135742
12 0.691772 0.210612 0.131104 0.138021
4 0.579102 0.22998 0.104004 0.138997
12 0.416504 0.90625 0.106445 0.147135
9 0.676392 0.60791 0.117432 0.147461
