15 0.325047 0.266819 0.21733 0.081814
15 0.477273 0.381619 0.200758 0.083984
5 0.316051 0.347982 0.13589 0.078776
23 0.504498 0.614583 0.160511 0.091146
13 0.25947 0.51747 0.180871 0.07053
11 0.593277 0.344401 0.203598 0.083767
17 0.613873 0.507595 0.189867 0.088108
8 0.603456 0.43533 0.183239 0.083767
1 0.475142 0.299479 0.178504 0.080729
37 0.610322 0.273112 0.151515 0.090061
6 0.801847 0.206923 0.196496 0.071398
5 0.620502 0.19043 0.171875 0.073568
21 0.47822 0.21365 0.144886 0.089193
31 0.346591 0.177517 0.151515 0.109809
34 0.736506 0.385742 0.165246 0.081814
34 0.919271 0.498264 0.160511 0.094184
0 0.751184 0.317491 0.162405 0.075521
0 0.890862 0.354167 0.16714 0.072483
34 0.764678 0.259115 0.167614 0.068576
19 0.913352 0.287001 0.144886 0.068359
27 0.748816 0.479709 0.194602 0.075738
27 0.470407 0.527778 0.165246 0.076823
27 0.610322 0.581489 0.1875 0.076606
20 0.163826 0.342339 0.210227 0.098307
