17 0.569661 0.441288 0.057726 0.170455
8 0.517687 0.806108 0.059679 0.175663
6 0.570638 0.679451 0.050564 0.164773
5 0.631293 0.644413 0.077257 0.125947
15 0.70497 0.294271 0.057509 0.171875
24 0.78928 0.51089 0.083333 0.140152
0 0.757704 0.647964 0.078776 0.171875
6 0.625217 0.401752 0.053819 0.169034
1 0.633789 0.543797 0.07487 0.121686
37 0.756727 0.375237 0.075521 0.166193
31 0.669596 0.737926 0.083984 0.115057
16 0.670139 0.86411 0.065972 0.141098
28 0.522135 0.610322 0.060764 0.149621
27 0.472656 0.516572 0.052517 0.170455
23 0.543186 0.194129 0.072483 0.174242
16 0.6926 0.455729 0.055773 0.163352
34 0.341146 0.249053 0.072917 0.167614
11 0.707791 0.579782 0.07487 0.110322
20 0.75803 0.803267 0.079427 0.14536
27 0.500434 0.377131 0.083767 0.136837
27 0.396701 0.772017 0.084635 0.166193
11 0.592339 0.834754 0.072266 0.155303
0 0.636068 0.228693 0.082031 0.191288
13 0.693251 0.103456 0.05447 0.166193
32 0.75803 0.109848 0.080729 0.153409
