7 0.382378 0.361269 0.05816 0.09375
8 0.51888 0.31108 0.063368 0.124053
8 0.429253 0.170455 0.062934 0.132576
34 0.420356 0.273438 0.057726 0.146307
8 0.564236 0.3634 0.060764 0.142519
5 0.501411 0.452415 0.069227 0.117898
11 0.462131 0.557528 0.073568 0.118845
11 0.513563 0.647491 0.067925 0.142519
16 0.568468 0.773438 0.062717 0.15483
34 0.601671 0.699574 0.061415 0.143466
23 0.55306 0.90625 0.066623 0.117424
28 0.488281 0.919744 0.068576 0.107481
0 0.400933 0.931345 0.064887 0.136364
15 0.349392 0.609138 0.052517 0.166193
16 0.39898 0.697443 0.078776 0.125947
11 0.265842 0.769413 0.052517 0.14678
31 0.220269 0.468513 0.062066 0.160511
0 0.275065 0.48035 0.055773 0.131155
24 0.268121 0.357718 0.04796 0.136837
9 0.276476 0.221354 0.046875 0.131155
22 0.317817 0.31108 0.05447 0.105114
5 0.322917 0.407907 0.062066 0.09233
15 0.361654 0.813684 0.060113 0.121686
6 0.302843 0.89678 0.07053 0.161932
1 0.330729 0.498343 0.06467 0.109375
19 0.310872 0.703598 0.045356 0.135417
1 0.432726 0.794981 0.069878 0.111742
34 0.390951 0.44768 0.066623 0.118845
18 0.330621 0.127367 0.059679 0.102273
26 0.387804 0.09375 0.057726 0.14678
21 0.286567 0.092566 0.050564 0.127367
32 0.360026 0.231771 0.067274 0.124527
3 0.475911 0.357008 0.049913 0.129735
21 0.443685 0.433712 0.053168 0.155303
27 0.53776 0.522017 0.06033 0.156723
27 0.571289 0.586884 0.069661 0.15483
27 0.589844 0.442472 0.060764 0.142519
32 0.411784 0.575047 0.057075 0.142519
20 0.478082 0.236742 0.05816 0.114583
4 0.279188 0.601326 0.065321 0.117424
6 0.457357 0.672348 0.048828 0.153409
20 0.502713 0.764441 0.066623 0.133996
13 0.181315 0.821496 0.082682 0.153409
