17 0.469076 0.490767 0.076172 0.149148
0 0.572808 0.306818 0.066623 0.155303
23 0.505534 0.347301 0.073568 0.15767
1 0.72678 0.364583 0.074219 0.170455
16 0.605794 0.469697 0.057075 0.143939
15 0.534939 0.443419 0.067274 0.133049
27 0.430556 0.386364 0.075521 0.143939
27 0.396701 0.475379 0.064236 0.14678
28 0.482205 0.629261 0.059028 0.142045
8 0.512587 0.751657 0.067274 0.14536
6 0.552734 0.674006 0.071181 0.14536
5 0.612196 0.62642 0.06467 0.173295
19 0.67372 0.699574 0.066623 0.138731
5 0.759983 0.852036 0.055122 0.139678
0 0.746853 0.467803 0.07487 0.150568
24 0.665365 0.090199 0.075521 0.133996
15 0.618924 0.31392 0.053819 0.158144
1 0.530382 0.567945 0.069878 0.128314
34 0.324978 0.519886 0.073568 0.155303
27 0.412435 0.630682 0.078776 0.150568
17 0.467882 0.505208 0.068576 0.153409
34 0.754123 0.734375 0.070312 0.152462
13 0.591363 0.169034 0.075521 0.158144
32 0.660373 0.212121 0.074219 0.14678
21 0.669162 0.466383 0.064019 0.120265
21 0.668294 0.573627 0.07487 0.109375
4 0.834635 0.425426 0.075521 0.166193
20 0.647244 0.801136 0.068359 0.143939
11 0.587891 0.761364 0.088976 0.164773
