17 0.506999 0.495605 0.146159 0.112793
6 0.780111 0.293457 0.152018 0.120117
23 0.615885 0.427124 0.160156 0.115967
19 0.353353 0.364014 0.172852 0.095703
7 0.415039 0.569458 0.174479 0.122314
15 0.438314 0.733887 0.147461 0.137207
24 0.554362 0.833252 0.181641 0.131836
19 0.567057 0.656982 0.164714 0.09375
1 0.327799 0.637939 0.158854 0.125488
31 0.682454 0.52124 0.148763 0.119141
31 0.575033 0.565674 0.171549 0.119141
29 0.718587 0.635254 0.172852 0.126465
18 0.667643 0.342285 0.150391 0.092773
13 0.207031 0.283447 0.126302 0.112793
4 0.773112 0.453857 0.16862 0.101074
24 0.463053 0.417725 0.146159 0.107422
30 0.354818 0.477661 0.136068 0.116943
12 0.492839 0.32373 0.149089 0.09375
