7 0.747559 0.354614 0.146159 0.104248
2 0.623698 0.22876 0.147786 0.099121
10 0.65625 0.166138 0.141927 0.098877
23 0.854492 0.335449 0.136068 0.114746
30 0.70166 0.416016 0.147461 0.108398
3 0.148112 0.577515 0.175781 0.140381
18 0.226074 0.696899 0.138997 0.13501
24 0.381673 0.772705 0.181315 0.13623
25 0.36263 0.644897 0.120443 0.13501
17 0.395833 0.528076 0.167318 0.126465
14 0.201335 0.323242 0.114909 0.107422
24 0.165202 0.250488 0.138997 0.100098
25 0.516764 0.264893 0.131836 0.094727
21 0.55013 0.38208 0.113281 0.114746
19 0.546712 0.686157 0.180013 0.115967
7 0.586263 0.869385 0.191406 0.150879
14 0.674642 0.718506 0.147461 0.138184
18 0.677409 0.609253 0.184245 0.093506
25 0.79069 0.479736 0.161458 0.117188
31 0.888509 0.537109 0.178711 0.119141
31 0.644368 0.503052 0.163086 0.104248
12 0.523275 0.494629 0.164388 0.125488
32 0.477865 0.607666 0.167318 0.11377
4 0.23877 0.443237 0.155924 0.109619
9 0.349935 0.464966 0.151693 0.110596
2 0.410807 0.391602 0.157552 0.100098
29 0.445475 0.320068 0.161784 0.130859
12 0.504883 0.807251 0.175781 0.141357
