7 0.465169 0.852295 0.173177 0.150879
30 0.354167 0.553467 0.174479 0.118164
30 0.647786 0.606079 0.164714 0.125732
23 0.645671 0.420776 0.174154 0.109619
4 0.786458 0.290283 0.152995 0.103027
6 0.363281 0.206421 0.09375 0.098877
10 0.411458 0.390625 0.144531 0.112793
1 0.483561 0.261108 0.130534 0.095947
19 0.547363 0.359863 0.170247 0.108398
7 0.441895 0.516479 0.171549 0.122314
14 0.448242 0.651245 0.173177 0.122314
31 0.797852 0.575806 0.150391 0.105225
25 0.574219 0.548828 0.158854 0.106445
24 0.22526 0.68457 0.182943 0.119141
19 0.654134 0.203857 0.140299 0.106445
2 0.652669 0.309937 0.157552 0.110596
13 0.559896 0.230957 0.158854 0.101074
32 0.380371 0.298218 0.170247 0.104248
31 0.526693 0.469116 0.149089 0.108643
12 0.345703 0.743042 0.174479 0.148682
