8 0.316051 0.401693 0.203125 0.088976
27 0.39607 0.479709 0.183239 0.098307
27 0.586648 0.532552 0.180871 0.061198
23 0.442235 0.556749 0.176136 0.078776
5 0.310369 0.26888 0.214489 0.102431
15 0.423059 0.195638 0.214489 0.083984
34 0.509943 0.386719 0.176136 0.085938
0 0.583333 0.312391 0.174242 0.090061
1 0.506629 0.237956 0.1875 0.090061
37 0.675663 0.235352 0.169508 0.097439
19 0.845881 0.24783 0.20786 0.107639
6 0.806581 0.376953 0.201231 0.097222
34 0.900095 0.441515 0.180871 0.073568
24 0.222301 0.356771 0.237216 0.090278
20 0.188684 0.245117 0.214489 0.106554
13 0.149148 0.438477 0.212121 0.090061
17 0.578835 0.464193 0.183239 0.096354
27 0.728456 0.444661 0.20786 0.077691
11 0.646307 0.381619 0.1875 0.090061
0 0.760417 0.307183 0.180871 0.079644
11 0.402936 0.314887 0.192235 0.093316
