17 0.197754 0.540283 0.181315 0.112793
18 0.380208 0.70752 0.167318 0.11377
18 0.683105 0.765381 0.164388 0.100098
21 0.82959 0.656006 0.168945 0.123535
7 0.621582 0.541382 0.140299 0.121338
24 0.749674 0.532349 0.147786 0.139404
23 0.60319 0.418213 0.171875 0.108398
31 0.759603 0.43457 0.150065 0.094727
2 0.89681 0.531738 0.175781 0.108398
1 0.08724 0.383179 0.116536 0.121338
19 0.394531 0.292847 0.158854 0.0979
19 0.335124 0.378906 0.147461 0.114746
6 0.344889 0.214966 0.138997 0.090576
25 0.501302 0.529663 0.140625 0.112549
24 0.405762 0.474487 0.167643 0.102295
4 0.568522 0.292847 0.150065 0.104248
30 0.216797 0.455444 0.19987 0.104248
2 0.461589 0.383179 0.143229 0.13208
29 0.443197 0.619873 0.177409 0.114746
13 0.217448 0.354004 0.167318 0.118164
25 0.683268 0.656006 0.127604 0.129883
22 0.571452 0.65332 0.130534 0.143555
9 0.347819 0.554077 0.178711 0.140381
31 0.29834 0.835327 0.195638 0.108643
12 0.243001 0.646973 0.170247 0.132812
