8 0.410482 0.096591 0.073568 0.158144
8 0.498481 0.180161 0.067274 0.171875
27 0.569661 0.411222 0.082031 0.166193
23 0.612413 0.800426 0.076823 0.139678
6 0.282769 0.899384 0.085069 0.178504
6 0.449978 0.5625 0.07487 0.167614
15 0.405599 0.674479 0.080729 0.133049
16 0.387153 0.539536 0.074219 0.130208
15 0.33865 0.468513 0.07053 0.174716
28 0.529188 0.797112 0.076172 0.15767
1 0.47168 0.724669 0.080078 0.151989
16 0.588216 0.643229 0.060113 0.159564
34 0.655165 0.599905 0.072917 0.161932
5 0.511936 0.369318 0.073785 0.143939
3 0.465278 0.299953 0.06467 0.166193
21 0.392904 0.293797 0.060113 0.148201
34 0.335395 0.270597 0.058811 0.15483
26 0.283095 0.214252 0.065321 0.156723
34 0.213216 0.285985 0.076172 0.143939
0 0.210612 0.421165 0.08138 0.166193
1 0.183594 0.540956 0.078125 0.174716
31 0.221897 0.649384 0.069227 0.15767
4 0.266168 0.538826 0.068359 0.117424
0 0.391059 0.813684 0.076823 0.166193
32 0.328993 0.126657 0.075521 0.142519
22 0.354926 0.056108 0.072266 0.110322
20 0.444878 0.168324 0.062066 0.162405
27 0.614366 0.491951 0.076823 0.138258
11 0.526584 0.520597 0.072266 0.159564
11 0.424479 0.417614 0.072483 0.114583
21 0.260742 0.346591 0.071832 0.164773
27 0.581489 0.263021 0.060981 0.153883
20 0.549913 0.194129 0.061632 0.149621
20 0.505208 0.634706 0.075521 0.14536
19 0.337023 0.637784 0.069878 0.164773
11 0.286567 0.673769 0.059679 0.176136
13 0.232096 0.808239 0.083116 0.160985
32 0.307292 0.39536 0.074219 0.15625
17 0.358181 0.927083 0.08138 0.144886
