6 0.608887 0.266846 0.152018 0.101074
18 0.533854 0.317261 0.149089 0.104248
23 0.635742 0.417114 0.145833 0.091553
19 0.390137 0.427734 0.147461 0.084961
7 0.497721 0.545654 0.119141 0.119141
21 0.579753 0.63208 0.167318 0.124512
18 0.599609 0.752075 0.164714 0.128662
25 0.41569 0.65979 0.150391 0.128662
24 0.28125 0.502075 0.164714 0.110596
9 0.296712 0.299805 0.130534 0.099121
22 0.305176 0.70105 0.155924 0.133057
25 0.400065 0.537109 0.150391 0.108398
24 0.628581 0.510498 0.117839 0.108398
31 0.765951 0.469727 0.157552 0.090332
31 0.424154 0.33374 0.136068 0.118164
23 0.368978 0.202759 0.088216 0.104248
4 0.693034 0.357178 0.150391 0.09668
2 0.735514 0.533936 0.141602 0.09375
29 0.18278 0.556274 0.171549 0.110596
13 0.508301 0.217041 0.140299 0.105469
12 0.255697 0.402832 0.116211 0.105469
12 0.553548 0.137451 0.154622 0.082031
11 0.51416 0.422974 0.106445 0.122314
