8 0.496636 0.135653 0.070964 0.166193
15 0.311523 0.471117 0.062283 0.155303
26 0.263563 0.127131 0.076172 0.130208
3 0.472005 0.269176 0.071615 0.15767
5 0.503906 0.352746 0.072917 0.149621
6 0.432183 0.483665 0.08138 0.15767
11 0.506185 0.505919 0.069661 0.15767
16 0.377279 0.433712 0.072266 0.155303
32 0.306641 0.223958 0.072917 0.120265
31 0.227865 0.498343 0.088976 0.162405
6 0.272244 0.731061 0.071832 0.164773
19 0.305773 0.621449 0.071181 0.160511
15 0.367079 0.553504 0.077474 0.141098
28 0.473958 0.737926 0.082031 0.175663
23 0.553819 0.779593 0.075521 0.128314
34 0.61339 0.596591 0.07487 0.177083
8 0.409831 0.078598 0.07487 0.152462
21 0.398329 0.247159 0.08138 0.135417
18 0.341797 0.100616 0.070312 0.124527
0 0.373698 0.685606 0.082031 0.152462
17 0.347222 0.798532 0.083767 0.151989
1 0.43023 0.640388 0.082682 0.153883
20 0.473633 0.585464 0.077474 0.149148
16 0.542969 0.609138 0.074219 0.160511
27 0.549262 0.409328 0.072917 0.153883
27 0.583116 0.470644 0.072917 0.159091
20 0.446832 0.114583 0.060764 0.149621
20 0.541884 0.166903 0.065972 0.156723
27 0.572483 0.240057 0.06467 0.152462
32 0.239366 0.251894 0.075087 0.147727
34 0.34082 0.316761 0.078776 0.14678
11 0.270291 0.374527 0.08572 0.173295
13 0.232313 0.601326 0.077474 0.15625
